30 0.183571 0.175789 0.041429 0.031579
6 0.226429 0.172105 0.037143 0.031579
24 0.273571 0.169474 0.045714 0.030526
29 0.307500 0.167368 0.020714 0.031579
22 0.343929 0.166053 0.040714 0.031053
22 0.388214 0.165789 0.042143 0.031579
30 0.432500 0.165526 0.035000 0.031053
7 0.472500 0.166842 0.037857 0.031579
10 0.515000 0.168158 0.041429 0.031053
9 0.555714 0.171053 0.034286 0.031579
20 0.598929 0.172895 0.047857 0.030000
11 0.642857 0.175263 0.034286 0.032632
29 0.668929 0.177105 0.016429 0.031053
30 0.698571 0.177895 0.037143 0.031579
17 0.739286 0.179474 0.037143 0.031579
7 0.781429 0.180526 0.037143 0.031579
35 0.186786 0.222632 0.045000 0.031579
25 0.227857 0.219211 0.035714 0.032105
27 0.266786 0.217105 0.036429 0.031053
4 0.301786 0.214474 0.030714 0.031053
4 0.340357 0.213684 0.039286 0.031579
14 0.380000 0.212368 0.032857 0.031053
6 0.420714 0.212368 0.044286 0.031053
26 0.469286 0.214211 0.042857 0.031579
10 0.512500 0.216579 0.036429 0.032105
14 0.549643 0.217895 0.033571 0.031579
12 0.592500 0.220789 0.046429 0.032105
13 0.636071 0.223421 0.036429 0.031053
26 0.679643 0.225000 0.045000 0.032105
22 0.726786 0.227632 0.045000 0.032105
33 0.777500 0.228684 0.045000 0.032105
29 0.815714 0.229474 0.021429 0.031579
19 0.178929 0.269211 0.032143 0.032105
14 0.215714 0.266316 0.035714 0.031579
18 0.258929 0.262895 0.046429 0.032105
22 0.308214 0.260000 0.045000 0.030526
23 0.352143 0.257895 0.035714 0.031579
27 0.390714 0.257632 0.032857 0.031053
17 0.427500 0.258158 0.032143 0.031053
37 0.469286 0.258947 0.041429 0.031579
12 0.513929 0.261316 0.045000 0.031053
28 0.551429 0.264737 0.024286 0.031579
32 0.585000 0.265789 0.041429 0.032632
32 0.627143 0.268684 0.040000 0.032105
2 0.667857 0.271316 0.038571 0.032105
22 0.712500 0.273421 0.042143 0.031053
14 0.754643 0.274474 0.033571 0.032105
27 0.791071 0.275263 0.037857 0.031579
22 0.180714 0.315526 0.042857 0.032105
1 0.220714 0.312105 0.032857 0.031579
34 0.261429 0.308421 0.038571 0.031579
0 0.305357 0.305526 0.039286 0.031053
8 0.336786 0.303684 0.016429 0.031579
20 0.365357 0.303421 0.033571 0.031053
21 0.403929 0.303421 0.040714 0.031053
23 0.451071 0.304474 0.043571 0.032105
0 0.497857 0.306316 0.041429 0.031579
3 0.538571 0.310000 0.038571 0.031579
15 0.579286 0.312105 0.032857 0.031579
2 0.620714 0.314737 0.041429 0.031579
13 0.667857 0.317632 0.044286 0.032105
30 0.712500 0.320526 0.035000 0.031579
33 0.754286 0.321842 0.038571 0.032105
11 0.797143 0.322632 0.042857 0.031579
12 0.188214 0.361316 0.045000 0.032105
23 0.231429 0.357368 0.034286 0.031579
26 0.271786 0.354474 0.043571 0.032105
36 0.315714 0.351316 0.037143 0.031053
21 0.360357 0.349474 0.042143 0.031579
30 0.404286 0.349211 0.035714 0.031053
13 0.447143 0.350263 0.045714 0.032105
6 0.496429 0.353158 0.044286 0.031579
20 0.539643 0.356053 0.036429 0.030000
16 0.580714 0.358684 0.044286 0.032105
14 0.619643 0.361842 0.030714 0.032105
11 0.650714 0.363947 0.028571 0.032105
14 0.686786 0.365789 0.035000 0.031579
37 0.731071 0.367632 0.045000 0.032105
25 0.774643 0.369474 0.036429 0.031579
16 0.815357 0.369211 0.039286 0.032105
2 0.175714 0.412895 0.041429 0.032105
31 0.221786 0.408684 0.039286 0.031053
12 0.269643 0.405000 0.046429 0.032105
25 0.316786 0.401316 0.040714 0.032105
34 0.360714 0.399737 0.040000 0.032105
1 0.403571 0.399211 0.038571 0.032105
11 0.446429 0.400526 0.035714 0.031579
25 0.489286 0.402895 0.042857 0.031053
3 0.535000 0.406316 0.044286 0.032632
1 0.581429 0.409211 0.038571 0.032105
33 0.621429 0.412105 0.040000 0.031579
13 0.666429 0.415000 0.038571 0.032105
18 0.709643 0.417368 0.042143 0.031579
6 0.756786 0.418684 0.045000 0.031053
5 0.803929 0.419474 0.039286 0.031579
14 0.182857 0.459737 0.034286 0.032105
18 0.226786 0.456053 0.045000 0.033158
7 0.272143 0.451842 0.038571 0.032105
24 0.317143 0.449211 0.041429 0.031053
28 0.360000 0.447105 0.034286 0.032105
2 0.399286 0.447368 0.038571 0.031579
31 0.439286 0.447895 0.037143 0.032632
34 0.481786 0.450263 0.043571 0.032105
2 0.532143 0.453158 0.045714 0.031579
11 0.577143 0.456316 0.035714 0.032632
23 0.619286 0.459211 0.040000 0.033158
0 0.658571 0.461316 0.032857 0.031053
2 0.705714 0.463158 0.058571 0.031579
29 0.749643 0.465526 0.023571 0.032105
27 0.782857 0.466053 0.034286 0.031053
28 0.184643 0.504737 0.037857 0.032632
30 0.225000 0.501579 0.038571 0.032632
22 0.269643 0.498421 0.042143 0.032632
12 0.311786 0.495526 0.035000 0.032105
2 0.351786 0.494211 0.039286 0.032632
19 0.391071 0.493421 0.030714 0.032105
3 0.429286 0.493684 0.041429 0.031579
22 0.478214 0.495526 0.046429 0.033158
6 0.528214 0.498158 0.043571 0.032105
29 0.563571 0.501053 0.024286 0.031579
6 0.598571 0.502632 0.042857 0.031579
13 0.646429 0.505789 0.050000 0.031579
26 0.697500 0.508158 0.045000 0.032105
37 0.742857 0.509474 0.038571 0.031579
26 0.787500 0.510526 0.045000 0.031579
13 0.186786 0.554211 0.043571 0.031579
34 0.236071 0.550000 0.052143 0.031579
21 0.284286 0.546579 0.037143 0.032105
37 0.323929 0.545263 0.039286 0.032632
14 0.365357 0.543947 0.037857 0.032105
32 0.407143 0.543947 0.035714 0.032105
11 0.443214 0.544474 0.032143 0.032105
18 0.487857 0.546316 0.047143 0.031579
28 0.535357 0.548421 0.037857 0.031579
14 0.575714 0.550526 0.035714 0.031579
26 0.619286 0.553158 0.045714 0.030526
34 0.665000 0.555526 0.040000 0.032105
0 0.714643 0.557105 0.050714 0.031053
3 0.763929 0.558684 0.042143 0.032105
33 0.807500 0.559474 0.035000 0.031579
29 0.177500 0.601316 0.020714 0.032105
22 0.215357 0.600000 0.045000 0.031579
33 0.257857 0.596316 0.035714 0.031579
21 0.307857 0.594211 0.052857 0.032632
16 0.357143 0.592632 0.040000 0.032632
10 0.402500 0.591579 0.040714 0.031579
4 0.445000 0.592368 0.037143 0.031053
32 0.482143 0.593684 0.035714 0.032632
8 0.513571 0.595263 0.018571 0.031579
17 0.545000 0.596316 0.031429 0.032632
10 0.586071 0.598684 0.040714 0.032105
6 0.634643 0.600789 0.045000 0.032105
2 0.681071 0.603158 0.039286 0.031579
13 0.727857 0.605000 0.047143 0.032105
13 0.776786 0.606316 0.047857 0.031579
17 0.189643 0.648421 0.046429 0.031579
28 0.229643 0.645000 0.027857 0.032105
24 0.267500 0.643421 0.039286 0.031053
5 0.310000 0.640789 0.042857 0.032105
21 0.354286 0.639474 0.041429 0.031579
13 0.398571 0.639211 0.035714 0.032105
0 0.438571 0.638947 0.041429 0.031579
30 0.480357 0.640526 0.040714 0.031579
18 0.521429 0.641579 0.038571 0.031579
31 0.563214 0.644211 0.042143 0.032632
27 0.608571 0.645789 0.042857 0.031579
34 0.655000 0.648421 0.038571 0.031579
6 0.699643 0.650263 0.045000 0.032105
18 0.743214 0.651579 0.037857 0.031579
13 0.788214 0.652368 0.047857 0.032105
3 0.184643 0.697368 0.040714 0.031579
37 0.230357 0.693684 0.046429 0.031579
33 0.273929 0.691316 0.037857 0.032105
22 0.317500 0.689474 0.042143 0.031579
17 0.363214 0.688158 0.042143 0.032105
18 0.409286 0.687895 0.041429 0.031579
23 0.454643 0.688684 0.046429 0.032105
2 0.501786 0.689737 0.042143 0.032105
32 0.543571 0.691579 0.032857 0.032632
7 0.578214 0.693421 0.033571 0.031053
7 0.617500 0.694737 0.033571 0.031579
9 0.656429 0.697105 0.032857 0.032105
6 0.697500 0.698421 0.042143 0.031579
24 0.743214 0.699737 0.046429 0.032105
28 0.789643 0.701579 0.039286 0.031579
18 0.185000 0.743421 0.041429 0.032105
26 0.228214 0.740526 0.040714 0.031579
19 0.266429 0.738421 0.031429 0.031579
12 0.309643 0.736316 0.046429 0.031579
22 0.360000 0.735000 0.044286 0.032105
28 0.410357 0.734737 0.050714 0.031579
19 0.453214 0.734474 0.032143 0.032105
12 0.499286 0.735526 0.048571 0.031053
5 0.550714 0.738421 0.042857 0.031579
37 0.596429 0.740000 0.044286 0.031579
34 0.639286 0.742368 0.038571 0.031053
12 0.681429 0.744211 0.044286 0.032632
16 0.725357 0.746053 0.037857 0.032105
28 0.765714 0.747368 0.034286 0.031579
30 0.810000 0.747368 0.041429 0.031579
19 0.177500 0.794737 0.027857 0.031579
4 0.213214 0.792632 0.037857 0.032632
33 0.254643 0.790000 0.035000 0.031579
10 0.292857 0.788158 0.037143 0.031053
19 0.329286 0.786579 0.031429 0.032105
32 0.368571 0.786053 0.044286 0.032105
35 0.416786 0.785526 0.042143 0.031053
37 0.461429 0.786579 0.041429 0.031053
21 0.507143 0.788158 0.042857 0.031053
14 0.551071 0.789211 0.035000 0.032105
34 0.594643 0.791579 0.040714 0.031579
21 0.640714 0.793421 0.041429 0.031053
25 0.685357 0.795526 0.037857 0.031053
33 0.725357 0.797105 0.037857 0.031053
0 0.766429 0.798421 0.037143 0.031579
12 0.810357 0.798947 0.043571 0.030526
