30 0.180357 0.169474 0.032143 0.031579
25 0.220714 0.168421 0.041429 0.031579
9 0.262143 0.167368 0.037143 0.031579
17 0.301429 0.166579 0.038571 0.031053
12 0.347500 0.166316 0.045000 0.031579
32 0.390000 0.166842 0.037143 0.031579
22 0.431786 0.167105 0.042143 0.031053
15 0.473571 0.167368 0.031429 0.031579
12 0.515000 0.168684 0.045714 0.031053
6 0.560714 0.170263 0.042857 0.031053
23 0.607500 0.171579 0.042143 0.031579
35 0.652500 0.173158 0.042143 0.031579
11 0.691429 0.174211 0.030000 0.031579
6 0.732143 0.175526 0.045714 0.031053
27 0.779286 0.176053 0.041429 0.031053
33 0.820000 0.176842 0.037143 0.031579
12 0.182143 0.217632 0.041429 0.032105
17 0.222500 0.216316 0.027857 0.031579
14 0.257857 0.215526 0.041429 0.032105
19 0.296071 0.214737 0.029286 0.031579
28 0.333571 0.214737 0.041429 0.031579
24 0.379286 0.214474 0.048571 0.032105
30 0.428214 0.215263 0.039286 0.031579
9 0.471786 0.215789 0.039286 0.031579
27 0.515000 0.217105 0.042857 0.032105
18 0.564286 0.217895 0.047143 0.031579
4 0.608929 0.219474 0.032143 0.031579
30 0.648929 0.220789 0.045000 0.031053
32 0.688214 0.222105 0.032143 0.031579
28 0.728214 0.223158 0.043571 0.030526
11 0.765714 0.223947 0.027143 0.031053
29 0.788571 0.224737 0.015714 0.031579
11 0.813929 0.224474 0.027857 0.031053
17 0.183214 0.267105 0.039286 0.032105
24 0.227857 0.265263 0.042857 0.031579
28 0.270714 0.264211 0.035714 0.031579
30 0.314643 0.263947 0.040714 0.032105
32 0.356071 0.263684 0.036429 0.031579
30 0.397857 0.263684 0.038571 0.031579
16 0.440357 0.264474 0.037857 0.032105
30 0.483571 0.265000 0.038571 0.032105
37 0.528929 0.265789 0.043571 0.031579
5 0.577500 0.266579 0.047857 0.032105
5 0.625714 0.267632 0.042857 0.031053
18 0.671786 0.269211 0.045000 0.031053
5 0.717143 0.271053 0.041429 0.030526
16 0.763571 0.271316 0.045714 0.031053
6 0.810714 0.272105 0.044286 0.031579
21 0.173214 0.312632 0.030714 0.031579
6 0.216429 0.311842 0.050000 0.032105
0 0.260357 0.310000 0.032143 0.031579
17 0.300714 0.309737 0.038571 0.032105
33 0.341429 0.309474 0.040000 0.031579
17 0.379286 0.309474 0.034286 0.031579
7 0.418214 0.309737 0.036429 0.032105
4 0.457500 0.310000 0.039286 0.031579
14 0.499286 0.310789 0.034286 0.032105
27 0.540357 0.311579 0.037857 0.031579
12 0.585000 0.312632 0.041429 0.031579
4 0.623214 0.313158 0.029286 0.031579
2 0.663571 0.314211 0.042857 0.031579
28 0.710714 0.315526 0.042857 0.031053
17 0.756071 0.316316 0.037857 0.031579
23 0.801071 0.316579 0.042143 0.031053
13 0.175714 0.362632 0.040000 0.031579
25 0.218214 0.360789 0.037857 0.032105
2 0.259286 0.360263 0.041429 0.032105
31 0.304643 0.359474 0.039286 0.031579
37 0.343214 0.359211 0.035000 0.032105
13 0.384643 0.358947 0.042143 0.031579
13 0.435714 0.359211 0.048571 0.032105
20 0.478929 0.360000 0.032143 0.031579
25 0.518929 0.360526 0.039286 0.031579
22 0.561786 0.361316 0.037857 0.032105
0 0.600714 0.361842 0.031429 0.032105
36 0.648571 0.362632 0.052857 0.031579
1 0.696786 0.363947 0.036429 0.031053
1 0.733571 0.364474 0.034286 0.031053
5 0.776429 0.365000 0.047143 0.031053
30 0.183571 0.408947 0.038571 0.031579
21 0.225357 0.407368 0.042143 0.032632
24 0.270000 0.405789 0.042857 0.031579
17 0.308214 0.405526 0.027857 0.032105
16 0.346786 0.405526 0.047857 0.032105
16 0.391071 0.405789 0.037857 0.031579
26 0.432143 0.405789 0.041429 0.032632
7 0.476786 0.406316 0.043571 0.031579
23 0.518214 0.407632 0.037857 0.032105
13 0.565000 0.408158 0.044286 0.032105
16 0.606071 0.408421 0.030714 0.031579
7 0.643214 0.409211 0.037857 0.032105
28 0.681786 0.409737 0.036429 0.032105
16 0.724643 0.409737 0.039286 0.032105
8 0.758929 0.411053 0.022143 0.031579
6 0.793571 0.411316 0.041429 0.032105
30 0.174286 0.459474 0.040000 0.031579
24 0.222500 0.458421 0.050714 0.032632
30 0.271429 0.456579 0.037143 0.032105
6 0.313571 0.456053 0.041429 0.032105
30 0.358929 0.455789 0.037857 0.031579
16 0.401071 0.456053 0.042143 0.032105
12 0.446786 0.456579 0.045000 0.032105
5 0.494643 0.457105 0.043571 0.032105
19 0.539286 0.458158 0.041429 0.032105
24 0.589286 0.458421 0.048571 0.031579
36 0.639286 0.459211 0.045714 0.032105
20 0.687143 0.460000 0.045714 0.032632
14 0.732143 0.460789 0.035714 0.032105
32 0.769643 0.461053 0.036429 0.031579
13 0.812857 0.461579 0.047143 0.031579
19 0.172143 0.507895 0.032857 0.031579
0 0.208929 0.506579 0.036429 0.032105
17 0.247143 0.506053 0.038571 0.032105
33 0.285357 0.505000 0.035000 0.032105
14 0.323929 0.504737 0.032143 0.031579
19 0.357857 0.504474 0.028571 0.032105
22 0.396429 0.505000 0.041429 0.031053
12 0.442143 0.505526 0.044286 0.032105
33 0.488214 0.505789 0.039286 0.032632
24 0.533929 0.506579 0.043571 0.032105
6 0.584643 0.507105 0.045000 0.032105
33 0.627500 0.507895 0.037857 0.031579
28 0.667143 0.508421 0.034286 0.031579
24 0.711786 0.508684 0.045000 0.032105
25 0.760357 0.509737 0.042143 0.032105
7 0.805714 0.509737 0.038571 0.032105
12 0.176429 0.556316 0.047143 0.031579
23 0.221786 0.554211 0.042143 0.031579
28 0.269286 0.553421 0.044286 0.032105
9 0.315357 0.552895 0.036429 0.032105
2 0.357143 0.552895 0.044286 0.032105
34 0.402143 0.553421 0.041429 0.032105
10 0.445714 0.553684 0.037143 0.031579
9 0.485357 0.553947 0.036429 0.032105
28 0.520714 0.554737 0.031429 0.031579
20 0.558929 0.555526 0.037857 0.031053
0 0.603571 0.556053 0.041429 0.032105
4 0.647500 0.556579 0.037857 0.032105
22 0.690357 0.557105 0.039286 0.032105
23 0.738214 0.557895 0.046429 0.031579
16 0.786071 0.558684 0.043571 0.032105
34 0.185357 0.600526 0.036429 0.031579
36 0.224286 0.599737 0.040000 0.031053
26 0.270357 0.598421 0.042143 0.031579
7 0.314286 0.597368 0.037143 0.031579
33 0.351429 0.597895 0.032857 0.031579
25 0.388571 0.597632 0.038571 0.032105
3 0.435357 0.598421 0.043571 0.031579
13 0.481429 0.599211 0.042857 0.031053
12 0.528929 0.600263 0.042143 0.032105
4 0.573571 0.600789 0.038571 0.032105
28 0.614286 0.601842 0.037143 0.032105
13 0.657857 0.602368 0.048571 0.032105
4 0.700000 0.602895 0.031429 0.032105
23 0.740000 0.603947 0.041429 0.032105
17 0.781786 0.604211 0.030714 0.031579
11 0.177143 0.651053 0.035714 0.031579
4 0.215000 0.649474 0.032857 0.031579
21 0.256429 0.648421 0.044286 0.031579
35 0.303214 0.647895 0.042143 0.031579
34 0.345714 0.647895 0.041429 0.031579
17 0.391071 0.647632 0.039286 0.032105
27 0.432143 0.648684 0.035714 0.031053
28 0.473571 0.648947 0.035714 0.031579
0 0.513214 0.649737 0.036429 0.031053
10 0.550714 0.650526 0.035714 0.031579
29 0.585000 0.651316 0.022857 0.032105
23 0.620000 0.651842 0.035714 0.032105
12 0.660714 0.652895 0.038571 0.032105
0 0.699286 0.653158 0.030000 0.031579
37 0.741071 0.653684 0.042143 0.031579
15 0.785714 0.654474 0.038571 0.032105
35 0.173929 0.695789 0.039286 0.031579
26 0.218214 0.694211 0.045000 0.031579
3 0.264643 0.693158 0.045000 0.031579
29 0.300000 0.692632 0.018571 0.031579
7 0.332500 0.692368 0.036429 0.031053
7 0.370000 0.692368 0.035714 0.031053
27 0.410714 0.692632 0.038571 0.031579
23 0.456429 0.693684 0.044286 0.031579
23 0.501071 0.695000 0.040714 0.032105
20 0.541429 0.695526 0.032857 0.031053
26 0.582143 0.696316 0.041429 0.031579
22 0.627143 0.697105 0.044286 0.031053
29 0.661429 0.698158 0.014286 0.031053
1 0.688929 0.698421 0.037857 0.031579
28 0.729643 0.698421 0.037857 0.031579
30 0.772500 0.699474 0.039286 0.031579
17 0.810000 0.699737 0.028571 0.032105
22 0.175357 0.744737 0.043571 0.031579
17 0.217500 0.742632 0.037857 0.031579
5 0.262857 0.742105 0.041429 0.031579
0 0.309643 0.741053 0.040714 0.031579
35 0.353929 0.741316 0.040714 0.031053
6 0.402143 0.741579 0.045714 0.031579
11 0.444643 0.742105 0.030714 0.031579
12 0.488214 0.743684 0.049286 0.031579
28 0.538214 0.744211 0.040714 0.030526
5 0.585714 0.745263 0.042857 0.031579
26 0.630714 0.746316 0.044286 0.031579
26 0.676071 0.746842 0.042143 0.031579
21 0.722143 0.748158 0.041429 0.031053
25 0.774286 0.747895 0.052857 0.031579
8 0.812500 0.748684 0.016429 0.031053
24 0.186071 0.785789 0.043571 0.030526
1 0.228214 0.784211 0.039286 0.031579
4 0.272857 0.783421 0.042857 0.031053
7 0.313214 0.783158 0.035000 0.031579
14 0.353929 0.782632 0.036429 0.031579
3 0.398571 0.783421 0.041429 0.031053
12 0.445000 0.784211 0.042857 0.031579
25 0.488214 0.785263 0.036429 0.030526
34 0.532500 0.786053 0.040714 0.031053
31 0.573929 0.786842 0.037857 0.031579
17 0.612143 0.788158 0.030000 0.031053
1 0.643929 0.788684 0.032143 0.031053
31 0.685000 0.789211 0.045714 0.031053
32 0.730000 0.789737 0.037143 0.031053
8 0.764286 0.790000 0.022857 0.031579
17 0.795000 0.790526 0.027143 0.030526
