32 0.172500 0.175526 0.030714 0.026842
25 0.208214 0.173421 0.033571 0.027895
11 0.241786 0.171579 0.027857 0.027368
6 0.275357 0.170000 0.036429 0.027368
11 0.311071 0.168684 0.025000 0.026842
34 0.344643 0.168421 0.036429 0.027368
25 0.383929 0.168421 0.033571 0.026316
14 0.419643 0.168421 0.030714 0.027368
0 0.455000 0.170000 0.027143 0.026316
17 0.488214 0.170789 0.033571 0.026842
27 0.526429 0.172105 0.032857 0.027368
18 0.558571 0.173684 0.030000 0.027368
17 0.589643 0.174211 0.026429 0.027368
25 0.623214 0.175263 0.030714 0.027368
29 0.651071 0.175789 0.017857 0.027368
18 0.684643 0.176316 0.040714 0.027368
15 0.720714 0.176842 0.025714 0.027368
0 0.756786 0.176316 0.036429 0.027368
27 0.791429 0.175263 0.031429 0.027368
29 0.815714 0.175789 0.015714 0.027368
20 0.178929 0.218158 0.027857 0.027895
16 0.212857 0.215789 0.035714 0.027368
20 0.250000 0.214211 0.035714 0.027368
29 0.279643 0.212632 0.017857 0.027368
36 0.312500 0.211579 0.036429 0.027368
9 0.352857 0.211053 0.034286 0.027368
14 0.387500 0.211053 0.029286 0.027368
35 0.421429 0.212105 0.031429 0.027368
26 0.457500 0.213158 0.035000 0.027368
9 0.493571 0.214211 0.030000 0.027368
13 0.533214 0.215263 0.037857 0.027368
12 0.576429 0.216579 0.037143 0.026842
29 0.606071 0.217895 0.016429 0.027368
13 0.635000 0.218158 0.035714 0.026842
11 0.665357 0.218684 0.022143 0.026842
27 0.695357 0.219211 0.032143 0.026842
16 0.729643 0.218684 0.029286 0.026842
23 0.766429 0.218947 0.034286 0.027368
21 0.803214 0.217895 0.035000 0.027368
13 0.185357 0.259211 0.040714 0.026842
4 0.222857 0.256842 0.032857 0.027368
33 0.261071 0.254211 0.032143 0.027368
0 0.297500 0.253158 0.030714 0.027368
16 0.335357 0.252105 0.036429 0.027368
10 0.372857 0.251842 0.031429 0.026842
20 0.407500 0.251842 0.030714 0.026842
10 0.441786 0.253158 0.033571 0.026316
20 0.480357 0.254474 0.039286 0.026842
14 0.526429 0.255263 0.047143 0.027368
7 0.569286 0.257105 0.035714 0.026842
0 0.610000 0.258421 0.034286 0.027368
37 0.645714 0.258947 0.034286 0.027368
23 0.683214 0.259474 0.037857 0.027368
2 0.723929 0.259474 0.032143 0.027368
30 0.762500 0.259211 0.033571 0.027895
18 0.802857 0.258421 0.042857 0.027368
19 0.167857 0.300526 0.024286 0.027368
19 0.197143 0.298684 0.030000 0.027895
5 0.235714 0.296316 0.037143 0.027368
11 0.267500 0.294211 0.020714 0.026316
20 0.298214 0.293158 0.035000 0.027368
2 0.345714 0.292632 0.057143 0.027368
13 0.397857 0.292632 0.038571 0.027368
27 0.438929 0.293158 0.036429 0.027368
0 0.480000 0.294211 0.035714 0.027368
17 0.516429 0.295526 0.034286 0.027895
17 0.551429 0.296579 0.031429 0.027895
14 0.588929 0.297895 0.033571 0.027368
37 0.625714 0.299211 0.034286 0.026842
26 0.661786 0.299474 0.033571 0.027368
23 0.699643 0.300000 0.036429 0.027368
2 0.742500 0.299474 0.040714 0.027368
1 0.780357 0.298947 0.032143 0.027368
17 0.811429 0.298947 0.027143 0.027368
33 0.174643 0.341316 0.033571 0.027895
19 0.208571 0.338947 0.027143 0.027368
14 0.243214 0.336842 0.032143 0.027368
18 0.281786 0.335000 0.040714 0.027895
0 0.319643 0.333684 0.033571 0.026316
24 0.360000 0.333158 0.038571 0.027368
5 0.404643 0.333684 0.037857 0.027368
13 0.446429 0.333421 0.035714 0.026842
13 0.488214 0.335789 0.037857 0.027368
5 0.531429 0.337368 0.038571 0.027368
19 0.567857 0.338158 0.028571 0.027895
17 0.604286 0.338947 0.034286 0.027368
26 0.643214 0.340526 0.040714 0.027368
11 0.682500 0.341053 0.027857 0.027368
12 0.717857 0.340526 0.038571 0.026316
13 0.758929 0.340000 0.036429 0.027368
17 0.797857 0.340000 0.031429 0.027368
37 0.185000 0.380000 0.035714 0.027368
5 0.227500 0.377368 0.040714 0.027368
3 0.269643 0.375263 0.036429 0.027368
37 0.306071 0.373421 0.035000 0.026842
25 0.342857 0.372632 0.030000 0.027368
24 0.378929 0.372632 0.040714 0.027368
25 0.419643 0.372368 0.030714 0.026842
15 0.454286 0.373158 0.034286 0.027368
3 0.495000 0.374737 0.037143 0.027368
25 0.532500 0.376579 0.030714 0.026842
20 0.570714 0.377368 0.037143 0.026316
18 0.610714 0.378684 0.038571 0.026842
4 0.647143 0.379474 0.025714 0.027368
2 0.683929 0.380000 0.036429 0.027368
30 0.721786 0.379737 0.029286 0.026842
22 0.756786 0.379737 0.035000 0.025789
7 0.795357 0.378947 0.033571 0.027368
15 0.170000 0.424211 0.027143 0.027368
26 0.208214 0.422105 0.040714 0.027368
29 0.240357 0.419474 0.019286 0.027368
4 0.265000 0.418158 0.025714 0.027895
7 0.296429 0.416842 0.030000 0.027368
1 0.335000 0.415263 0.035714 0.026316
29 0.368214 0.415000 0.019286 0.026842
14 0.396071 0.414737 0.029286 0.027368
26 0.429643 0.415526 0.032143 0.026842
15 0.462143 0.416053 0.027143 0.027895
17 0.496071 0.417368 0.035000 0.027368
2 0.539286 0.418947 0.044286 0.027368
5 0.582500 0.420526 0.036429 0.026316
1 0.621429 0.421579 0.037143 0.027368
4 0.656786 0.422895 0.025000 0.026842
30 0.692143 0.422368 0.035714 0.026842
3 0.729286 0.422895 0.035714 0.026842
3 0.774286 0.422105 0.048571 0.027368
11 0.816071 0.421842 0.025000 0.026842
4 0.168571 0.465789 0.027143 0.027368
25 0.202500 0.463158 0.033571 0.027368
10 0.239643 0.460789 0.036429 0.026842
16 0.276071 0.459211 0.035000 0.026842
34 0.317500 0.457105 0.039286 0.026842
37 0.358929 0.456053 0.036429 0.026842
27 0.395714 0.455526 0.032857 0.026842
9 0.432857 0.455789 0.031429 0.027368
36 0.472143 0.456842 0.040000 0.027368
21 0.513929 0.459211 0.036429 0.026842
33 0.551071 0.460000 0.032143 0.027368
10 0.585714 0.461842 0.032857 0.026842
26 0.620357 0.462632 0.033571 0.027368
7 0.659286 0.463684 0.035714 0.027368
6 0.697500 0.463684 0.036429 0.027368
12 0.735714 0.463421 0.037143 0.026842
15 0.767500 0.463158 0.023571 0.026316
25 0.800357 0.463421 0.033571 0.027895
24 0.181429 0.502368 0.034286 0.027895
24 0.218571 0.499474 0.034286 0.026316
19 0.259643 0.496842 0.035000 0.027368
11 0.296071 0.494737 0.027857 0.027368
25 0.332143 0.493158 0.034286 0.027368
32 0.370000 0.492895 0.034286 0.027895
33 0.405000 0.492895 0.032857 0.026842
19 0.437857 0.493158 0.027143 0.027368
24 0.473929 0.494474 0.037857 0.026842
8 0.503214 0.495526 0.016429 0.026842
32 0.530357 0.496579 0.030714 0.027895
13 0.571429 0.498158 0.048571 0.027895
4 0.613929 0.499737 0.032143 0.026842
30 0.649286 0.500526 0.031429 0.027368
10 0.686429 0.500789 0.032857 0.027895
15 0.719286 0.500789 0.025714 0.026842
18 0.753929 0.500526 0.037857 0.027368
12 0.793929 0.499474 0.035000 0.027368
6 0.175000 0.545000 0.038571 0.027895
4 0.212500 0.542105 0.029286 0.027368
27 0.247143 0.540000 0.034286 0.027368
1 0.282857 0.537895 0.031429 0.027368
28 0.322143 0.536316 0.040000 0.027368
30 0.362857 0.535263 0.032857 0.027368
36 0.403571 0.535263 0.037143 0.027368
29 0.431786 0.535789 0.013571 0.027368
29 0.450000 0.536316 0.020000 0.027368
13 0.480000 0.536579 0.034286 0.027895
12 0.519286 0.538421 0.035714 0.027368
29 0.550000 0.540000 0.018571 0.027368
28 0.575357 0.540789 0.029286 0.026842
25 0.611429 0.541842 0.032857 0.026842
37 0.648929 0.542895 0.033571 0.027895
35 0.689643 0.543158 0.037857 0.027368
33 0.726786 0.542895 0.032143 0.026842
0 0.763929 0.543421 0.035000 0.026842
4 0.798929 0.542368 0.032143 0.027895
28 0.180000 0.586053 0.035714 0.027895
35 0.221786 0.582895 0.036429 0.026842
28 0.267143 0.580000 0.044286 0.027368
8 0.303214 0.577895 0.017857 0.027368
30 0.331071 0.577105 0.033571 0.027895
35 0.371786 0.576316 0.037857 0.027368
36 0.410714 0.576842 0.034286 0.027368
34 0.451786 0.577632 0.037857 0.027895
7 0.491429 0.578947 0.034286 0.027368
26 0.527500 0.580263 0.036429 0.026842
5 0.569286 0.581842 0.037143 0.027895
4 0.606786 0.582895 0.032143 0.026842
27 0.645000 0.584211 0.035714 0.027368
23 0.683571 0.584211 0.032857 0.027368
14 0.717857 0.584211 0.028571 0.027368
28 0.751786 0.584211 0.036429 0.028421
33 0.787857 0.584211 0.032857 0.027368
7 0.823571 0.583158 0.028571 0.027368
14 0.168929 0.625263 0.030714 0.027368
29 0.194643 0.622895 0.015000 0.027895
1 0.220714 0.621579 0.032857 0.027368
24 0.258929 0.619211 0.036429 0.026842
31 0.300000 0.617105 0.038571 0.027895
18 0.340000 0.616579 0.035714 0.027895
23 0.381786 0.615526 0.043571 0.027895
29 0.416429 0.615789 0.014286 0.027368
36 0.443929 0.616316 0.036429 0.027368
4 0.475000 0.617632 0.024286 0.027895
3 0.507500 0.618684 0.039286 0.027895
33 0.543571 0.620000 0.030000 0.027368
7 0.575000 0.621316 0.030000 0.026842
22 0.608929 0.622368 0.032143 0.027895
17 0.646429 0.623158 0.035714 0.027368
28 0.685714 0.623684 0.031429 0.027368
5 0.723929 0.623158 0.036429 0.027368
25 0.759643 0.623421 0.030714 0.027895
33 0.797143 0.623158 0.032857 0.027368
32 0.171071 0.670000 0.030714 0.027368
9 0.207500 0.667368 0.036429 0.027368
30 0.247143 0.664474 0.032857 0.027895
34 0.286429 0.662895 0.035714 0.026842
36 0.323929 0.662105 0.033571 0.027368
7 0.361786 0.661316 0.033571 0.026842
9 0.399643 0.660789 0.030714 0.027895
18 0.434643 0.662105 0.035000 0.027368
33 0.471429 0.662368 0.035714 0.027895
16 0.511071 0.664474 0.033571 0.027895
7 0.551786 0.665526 0.036429 0.026842
13 0.592143 0.667105 0.040000 0.027895
33 0.634643 0.668158 0.039286 0.027895
20 0.670000 0.668684 0.028571 0.027895
20 0.703929 0.668947 0.030714 0.027368
16 0.739286 0.668684 0.031429 0.027895
25 0.773571 0.668158 0.028571 0.027895
2 0.808214 0.667632 0.033571 0.027895
6 0.181429 0.706842 0.037143 0.027368
24 0.222500 0.703947 0.037857 0.027895
10 0.261786 0.701579 0.033571 0.027368
12 0.297500 0.700000 0.032143 0.027368
13 0.336786 0.698947 0.040714 0.027368
8 0.368214 0.698947 0.017857 0.027368
2 0.395000 0.699211 0.031429 0.026842
27 0.431071 0.699474 0.033571 0.027368
35 0.470714 0.700789 0.040000 0.026842
33 0.510714 0.701842 0.032857 0.027895
33 0.546071 0.703684 0.032143 0.027368
11 0.578929 0.704474 0.029286 0.027895
31 0.611429 0.705526 0.032857 0.027895
29 0.642143 0.706316 0.018571 0.027368
21 0.673929 0.706316 0.037857 0.027368
20 0.709286 0.706579 0.027143 0.027895
20 0.740357 0.706316 0.029286 0.028421
0 0.772500 0.706053 0.032143 0.027895
9 0.805714 0.705789 0.032857 0.027368
36 0.184286 0.751053 0.038571 0.027368
10 0.226071 0.747895 0.035000 0.027368
36 0.264286 0.746316 0.037143 0.027368
30 0.305357 0.744737 0.035000 0.027368
37 0.344643 0.743684 0.035000 0.027368
19 0.380714 0.743684 0.032857 0.027368
35 0.422500 0.744474 0.042143 0.026842
21 0.462143 0.745789 0.031429 0.027368
16 0.495714 0.746579 0.028571 0.027895
12 0.534643 0.748158 0.042143 0.027895
14 0.573929 0.749474 0.025000 0.027368
29 0.598571 0.750526 0.017143 0.027368
19 0.626429 0.750526 0.030000 0.027368
36 0.664643 0.751316 0.039286 0.027895
7 0.706071 0.751579 0.035000 0.027368
9 0.743929 0.751579 0.030714 0.027368
25 0.779643 0.751053 0.033571 0.028421
35 0.818571 0.750526 0.038571 0.027368
5 0.186429 0.793421 0.040000 0.027895
5 0.227857 0.790263 0.037143 0.027895
30 0.267500 0.788421 0.032143 0.027368
7 0.303929 0.787368 0.033571 0.027368
4 0.340000 0.786316 0.028571 0.027368
2 0.374643 0.786316 0.036429 0.027368
23 0.412143 0.786842 0.031429 0.027368
4 0.442857 0.787368 0.021429 0.027368
28 0.475714 0.788421 0.037143 0.027368
11 0.511071 0.789737 0.029286 0.027895
17 0.545000 0.791316 0.031429 0.027895
0 0.577143 0.792105 0.031429 0.027368
32 0.612857 0.793158 0.032857 0.027368
21 0.651786 0.794211 0.036429 0.027368
19 0.686786 0.793947 0.027857 0.027895
36 0.718929 0.794211 0.033571 0.027368
27 0.752143 0.793947 0.030000 0.027895
10 0.786071 0.793158 0.033571 0.027368
2 0.820714 0.793421 0.032857 0.027895
