3 0.181071 0.171316 0.036429 0.027895
4 0.215714 0.170526 0.031429 0.027368
32 0.248571 0.170000 0.031429 0.027368
13 0.286429 0.169474 0.035714 0.027368
8 0.315000 0.168947 0.017143 0.027368
2 0.346071 0.169211 0.040714 0.027895
9 0.387857 0.168684 0.037143 0.027895
11 0.424643 0.168684 0.029286 0.027895
29 0.450000 0.168684 0.017143 0.027895
22 0.482857 0.168684 0.037143 0.027895
33 0.520357 0.168421 0.032143 0.027368
30 0.557857 0.168684 0.035714 0.027895
22 0.595714 0.168421 0.034286 0.027368
33 0.634286 0.167895 0.031429 0.027368
1 0.670000 0.168684 0.034286 0.027895
24 0.708214 0.168421 0.036429 0.027368
4 0.745357 0.168947 0.026429 0.027368
2 0.782143 0.169474 0.037143 0.027368
35 0.178929 0.210789 0.033571 0.027895
4 0.211786 0.210526 0.026429 0.027368
18 0.249643 0.209737 0.042143 0.027895
3 0.291786 0.208947 0.036429 0.027368
37 0.335714 0.208684 0.040000 0.027895
18 0.378929 0.208421 0.037857 0.027368
19 0.415357 0.208421 0.026429 0.027368
20 0.450357 0.208158 0.033571 0.027895
26 0.488214 0.208158 0.036429 0.027895
29 0.514286 0.208421 0.011429 0.027368
12 0.545714 0.208421 0.040000 0.027368
13 0.591429 0.208421 0.044286 0.027368
6 0.637500 0.208421 0.040714 0.027368
21 0.679286 0.207895 0.034286 0.027368
9 0.713929 0.208421 0.029286 0.027368
0 0.746429 0.208684 0.027143 0.027895
15 0.780357 0.208684 0.032143 0.027895
3 0.817143 0.209737 0.030000 0.027895
18 0.180714 0.253421 0.035714 0.027895
11 0.216071 0.254474 0.025000 0.023684
22 0.253214 0.251579 0.037857 0.027368
16 0.300000 0.251053 0.045714 0.027368
15 0.337500 0.250526 0.027857 0.027368
17 0.368214 0.250789 0.030714 0.027895
2 0.403214 0.250789 0.036429 0.027895
28 0.445000 0.250789 0.038571 0.027895
32 0.480000 0.250526 0.028571 0.027368
26 0.520714 0.250789 0.041429 0.027895
10 0.567500 0.251053 0.040714 0.027368
20 0.607500 0.251053 0.036429 0.027368
21 0.649643 0.251053 0.036429 0.027368
4 0.683214 0.250789 0.026429 0.027895
36 0.720714 0.250789 0.045714 0.027895
12 0.762500 0.250789 0.033571 0.027895
6 0.798571 0.251579 0.034286 0.027368
7 0.178214 0.295789 0.036429 0.027368
30 0.213929 0.295263 0.030714 0.027368
33 0.250714 0.293947 0.032857 0.027895
36 0.285000 0.293947 0.032857 0.027895
14 0.323214 0.293684 0.036429 0.027368
4 0.358214 0.293421 0.029286 0.027895
26 0.398214 0.293421 0.039286 0.027895
32 0.438929 0.293421 0.032143 0.027895
0 0.476071 0.293421 0.032143 0.027895
18 0.515000 0.293421 0.037143 0.027895
31 0.555714 0.293684 0.035714 0.027368
5 0.597857 0.293684 0.038571 0.027368
34 0.637500 0.293947 0.037857 0.027895
33 0.680000 0.293421 0.035714 0.027895
7 0.716071 0.293947 0.033571 0.027895
23 0.751429 0.293947 0.031429 0.027895
31 0.786071 0.294211 0.032143 0.027368
1 0.819643 0.293947 0.032143 0.027895
1 0.176429 0.339474 0.035714 0.027368
6 0.217500 0.338158 0.036429 0.027895
15 0.250357 0.337895 0.025000 0.027368
18 0.287500 0.337368 0.039286 0.028421
30 0.330000 0.336842 0.035714 0.028421
22 0.370714 0.337105 0.038571 0.027895
13 0.410357 0.337105 0.035000 0.027895
19 0.446429 0.337105 0.025714 0.027895
1 0.478571 0.337632 0.030000 0.027895
21 0.514286 0.337368 0.035714 0.027368
14 0.552857 0.337632 0.035714 0.027895
19 0.586786 0.338158 0.026429 0.027895
26 0.623214 0.337895 0.037857 0.027368
12 0.664286 0.337632 0.040000 0.027895
24 0.707500 0.337895 0.039286 0.027368
36 0.748571 0.337895 0.034286 0.027368
34 0.791786 0.337895 0.040714 0.027368
20 0.171786 0.380526 0.029286 0.027368
9 0.203214 0.380263 0.030714 0.027895
35 0.239286 0.379211 0.034286 0.027895
2 0.277857 0.378684 0.038571 0.027895
37 0.319286 0.378421 0.038571 0.028421
32 0.356429 0.378421 0.032857 0.027368
22 0.392857 0.377895 0.037143 0.027368
15 0.425714 0.378158 0.025714 0.027895
10 0.459643 0.378684 0.036429 0.027895
7 0.495357 0.378684 0.032143 0.027895
2 0.534643 0.379737 0.039286 0.027895
14 0.568929 0.379211 0.027857 0.027895
11 0.598929 0.379211 0.027857 0.027895
6 0.636071 0.379737 0.037857 0.027895
10 0.672143 0.379474 0.032857 0.028421
31 0.712143 0.378684 0.037143 0.027895
4 0.748929 0.378947 0.032143 0.028421
17 0.790000 0.378947 0.041429 0.027368
0 0.181429 0.423947 0.027143 0.027895
3 0.222500 0.423421 0.046429 0.027895
28 0.275000 0.422105 0.050000 0.027368
31 0.321071 0.422368 0.036429 0.027895
1 0.364643 0.422105 0.039286 0.028421
28 0.402500 0.422368 0.025000 0.027895
7 0.434286 0.422895 0.034286 0.027895
36 0.471786 0.423158 0.037857 0.028421
5 0.511429 0.423158 0.038571 0.027368
4 0.551071 0.423947 0.030714 0.027895
11 0.583571 0.423947 0.024286 0.027895
23 0.617857 0.423684 0.035714 0.028421
3 0.658214 0.423158 0.043571 0.027368
3 0.700357 0.422632 0.035000 0.027368
2 0.736071 0.422632 0.026429 0.027368
5 0.768214 0.422368 0.032143 0.027895
26 0.805357 0.422632 0.037857 0.027368
10 0.183929 0.464737 0.033571 0.028421
26 0.227857 0.463947 0.045714 0.027895
28 0.270714 0.463421 0.032857 0.027895
3 0.305000 0.463158 0.032857 0.027368
28 0.338571 0.462895 0.028571 0.027895
5 0.375357 0.463158 0.036429 0.027368
13 0.413571 0.463684 0.037143 0.027368
20 0.450714 0.463947 0.031429 0.027895
33 0.486429 0.464211 0.031429 0.027368
22 0.523214 0.464474 0.036429 0.027895
3 0.560714 0.464737 0.035714 0.027368
33 0.596786 0.464474 0.033571 0.027895
9 0.635000 0.465000 0.034286 0.027895
34 0.676429 0.464737 0.035714 0.027368
11 0.712857 0.463947 0.025714 0.027895
35 0.750714 0.463421 0.040000 0.027895
12 0.794286 0.462895 0.041429 0.027895
16 0.177500 0.509211 0.035000 0.027895
19 0.211071 0.508158 0.025000 0.026842
16 0.237857 0.508158 0.025714 0.027895
24 0.271786 0.507895 0.039286 0.027368
12 0.312500 0.507895 0.036429 0.027368
17 0.350357 0.507368 0.036429 0.027368
30 0.386071 0.507632 0.033571 0.027895
2 0.423214 0.508421 0.035000 0.027368
36 0.460357 0.508158 0.033571 0.027895
16 0.497500 0.509474 0.033571 0.027368
14 0.536429 0.509211 0.037143 0.027895
6 0.576071 0.509211 0.039286 0.027895
25 0.613571 0.509737 0.034286 0.027895
8 0.642143 0.509474 0.018571 0.027368
4 0.670357 0.508684 0.030714 0.027895
30 0.702857 0.508684 0.032857 0.027895
35 0.741429 0.507895 0.038571 0.027368
0 0.778214 0.507368 0.029286 0.028421
6 0.179643 0.551316 0.039286 0.027895
5 0.224643 0.550789 0.040714 0.027895
7 0.262500 0.550000 0.029286 0.027368
14 0.295357 0.549737 0.027857 0.026842
6 0.330357 0.549737 0.033571 0.027895
20 0.370357 0.549737 0.036429 0.026842
18 0.411786 0.550000 0.036429 0.027368
19 0.447857 0.550263 0.028571 0.027895
26 0.485714 0.550526 0.035714 0.027368
15 0.523929 0.551053 0.030714 0.027368
1 0.561429 0.551579 0.032857 0.027368
9 0.603214 0.551316 0.039286 0.027895
37 0.646429 0.551053 0.037143 0.027368
19 0.686786 0.550526 0.032143 0.027368
30 0.721786 0.550000 0.030714 0.027368
4 0.758214 0.549737 0.033571 0.027895
29 0.786786 0.549474 0.019286 0.027368
11 0.813214 0.549474 0.029286 0.027368
9 0.175714 0.592632 0.032857 0.027368
30 0.211071 0.592105 0.036429 0.027368
0 0.248571 0.591842 0.030000 0.027895
37 0.283571 0.591579 0.035714 0.027368
11 0.318571 0.591053 0.027143 0.027368
10 0.353214 0.591316 0.033571 0.027895
15 0.388571 0.590789 0.031429 0.027895
1 0.423214 0.591053 0.029286 0.027368
29 0.448571 0.591579 0.012857 0.027368
0 0.471786 0.591579 0.027857 0.027368
6 0.510714 0.592105 0.040000 0.027368
30 0.549286 0.592105 0.031429 0.027368
25 0.582143 0.592105 0.031429 0.027368
11 0.614286 0.592632 0.022857 0.027368
25 0.647143 0.591842 0.032857 0.026842
33 0.683929 0.591579 0.032143 0.027368
1 0.720000 0.591316 0.032857 0.027895
12 0.758571 0.590263 0.037143 0.026842
16 0.799286 0.590526 0.034286 0.027368
26 0.184286 0.632632 0.038571 0.027368
36 0.226429 0.631842 0.041429 0.027895
1 0.269643 0.631579 0.035000 0.027368
3 0.308214 0.630526 0.033571 0.027368
22 0.345357 0.630526 0.037857 0.027368
31 0.387143 0.630789 0.042857 0.027895
5 0.431429 0.630789 0.037143 0.027895
34 0.471786 0.631053 0.039286 0.027368
37 0.516071 0.631316 0.039286 0.026842
33 0.552857 0.631579 0.030000 0.027368
1 0.589643 0.631579 0.033571 0.027368
28 0.628214 0.631316 0.039286 0.027895
26 0.669643 0.630789 0.033571 0.026842
4 0.704286 0.630526 0.031429 0.027368
17 0.740714 0.630526 0.034286 0.027368
24 0.780714 0.629211 0.035714 0.026842
18 0.818571 0.629474 0.037143 0.027368
28 0.184643 0.672632 0.033571 0.027368
36 0.225000 0.672105 0.035714 0.027368
19 0.258214 0.671053 0.027857 0.027368
28 0.295000 0.671316 0.035714 0.026842
35 0.337857 0.670789 0.037143 0.027895
37 0.376429 0.670526 0.037143 0.027368
21 0.417500 0.671053 0.037857 0.027368
22 0.460357 0.670526 0.037857 0.027368
0 0.492857 0.670526 0.025714 0.027368
10 0.530000 0.670526 0.041429 0.027368
11 0.564286 0.671053 0.020000 0.027368
6 0.596429 0.671053 0.037143 0.027368
31 0.637143 0.670526 0.034286 0.027368
36 0.677857 0.670263 0.044286 0.026842
16 0.719643 0.669474 0.029286 0.027368
34 0.756071 0.669474 0.037857 0.027368
9 0.793571 0.669211 0.027143 0.026842
8 0.167143 0.714211 0.022857 0.027368
28 0.200000 0.713947 0.035714 0.026842
33 0.237143 0.713158 0.032857 0.027368
5 0.276786 0.712895 0.037857 0.026842
19 0.314643 0.712368 0.026429 0.026842
8 0.338571 0.712632 0.020000 0.027368
26 0.371429 0.711842 0.037143 0.027895
34 0.411071 0.711842 0.036429 0.026842
15 0.449643 0.711842 0.033571 0.026842
2 0.484286 0.711579 0.034286 0.027368
13 0.525357 0.711579 0.040714 0.027368
35 0.566071 0.711316 0.035000 0.026842
36 0.608929 0.711316 0.039286 0.026842
26 0.650357 0.711053 0.039286 0.027368
16 0.685714 0.710526 0.027143 0.026316
11 0.713214 0.710789 0.026429 0.026842
2 0.748571 0.710526 0.035714 0.027368
32 0.787500 0.710526 0.032143 0.027368
3 0.184286 0.755263 0.034286 0.027368
10 0.220000 0.754474 0.030000 0.026842
22 0.256786 0.754211 0.035000 0.027368
11 0.292500 0.753158 0.027857 0.027368
16 0.328571 0.752895 0.034286 0.026842
18 0.368214 0.752632 0.037857 0.027368
28 0.407857 0.752632 0.038571 0.027368
11 0.442143 0.752105 0.025714 0.027368
18 0.477857 0.752105 0.037143 0.027368
9 0.518214 0.751316 0.032143 0.026842
7 0.554286 0.751316 0.030000 0.026842
17 0.585357 0.751316 0.029286 0.026842
36 0.621071 0.751316 0.036429 0.026842
34 0.659643 0.750789 0.030714 0.026842
15 0.692143 0.750789 0.028571 0.026842
33 0.727857 0.750526 0.032857 0.027368
23 0.763571 0.750789 0.034286 0.026842
33 0.799286 0.750526 0.030000 0.027368
8 0.825714 0.751053 0.018571 0.027368
15 0.175000 0.797105 0.027143 0.026842
35 0.207857 0.796842 0.035714 0.027368
23 0.246071 0.796316 0.030714 0.027368
33 0.281071 0.796053 0.036429 0.026842
13 0.318929 0.795263 0.033571 0.027368
20 0.359643 0.794737 0.039286 0.027368
31 0.397143 0.794211 0.032857 0.027368
31 0.437500 0.794211 0.037857 0.027368
18 0.478214 0.793684 0.035000 0.027368
35 0.523214 0.793947 0.043571 0.026842
35 0.567500 0.793421 0.036429 0.026842
35 0.609643 0.792632 0.036429 0.027368
23 0.652857 0.792632 0.041429 0.027368
32 0.690357 0.792368 0.030714 0.026842
23 0.727857 0.792632 0.040000 0.027368
37 0.769286 0.792632 0.037143 0.027368
13 0.805357 0.792632 0.030714 0.027368
