30 0.123929 0.143684 0.036429 0.031579
29 0.157143 0.143421 0.020000 0.032105
16 0.193571 0.142895 0.042857 0.032105
3 0.240000 0.142632 0.044286 0.032632
31 0.285714 0.141579 0.035714 0.031579
12 0.328214 0.141053 0.045000 0.032632
21 0.378214 0.138947 0.045000 0.031579
31 0.424286 0.138421 0.041429 0.031579
15 0.466071 0.137105 0.033571 0.032105
31 0.510714 0.136053 0.050000 0.032105
25 0.563214 0.133947 0.042143 0.033158
19 0.606786 0.133421 0.032143 0.033158
29 0.635357 0.133158 0.022143 0.032632
17 0.664643 0.132895 0.033571 0.032105
26 0.711071 0.133158 0.047857 0.032632
8 0.750357 0.134211 0.022143 0.032632
14 0.783214 0.134737 0.037857 0.032632
28 0.824286 0.136316 0.031429 0.032632
25 0.121429 0.186842 0.040000 0.032632
27 0.169286 0.186842 0.044286 0.032632
10 0.216429 0.186316 0.044286 0.032632
2 0.262143 0.185526 0.041429 0.032105
0 0.307143 0.184737 0.042857 0.032632
24 0.356071 0.183947 0.045000 0.033158
21 0.403571 0.182105 0.044286 0.032632
30 0.448571 0.180526 0.040000 0.031579
3 0.495714 0.179737 0.047143 0.032105
30 0.544286 0.178421 0.042857 0.032632
20 0.591429 0.177368 0.038571 0.032632
8 0.629286 0.176316 0.024286 0.032632
20 0.660714 0.176316 0.031429 0.032632
33 0.695357 0.176579 0.032143 0.033158
25 0.735714 0.177368 0.040000 0.032632
31 0.780000 0.177895 0.042857 0.032632
1 0.826786 0.179737 0.040714 0.033158
30 0.867143 0.181842 0.037143 0.033158
6 0.122857 0.236316 0.041429 0.032632
32 0.167143 0.235526 0.038571 0.032105
30 0.208571 0.235263 0.040000 0.031579
18 0.254643 0.234211 0.045000 0.032632
37 0.303571 0.233684 0.044286 0.032632
17 0.350000 0.232895 0.040000 0.032105
35 0.398929 0.231842 0.046429 0.032105
17 0.448214 0.230000 0.046429 0.032632
0 0.494643 0.228158 0.037857 0.033158
27 0.535714 0.227105 0.037143 0.032105
29 0.575000 0.225789 0.030000 0.032632
8 0.606429 0.226053 0.024286 0.032105
33 0.638571 0.225263 0.034286 0.032632
16 0.681786 0.225263 0.045000 0.032632
22 0.730714 0.225789 0.042857 0.032632
37 0.777857 0.226842 0.047143 0.032632
10 0.825714 0.228421 0.042857 0.032632
22 0.131786 0.285263 0.046429 0.032632
27 0.181786 0.284474 0.042143 0.033158
9 0.227857 0.284211 0.041429 0.032632
12 0.277500 0.283158 0.050714 0.032632
16 0.330357 0.281842 0.045000 0.032105
29 0.371429 0.280789 0.024286 0.032105
35 0.408214 0.280263 0.039286 0.032105
32 0.453571 0.278684 0.038571 0.032105
3 0.510357 0.277105 0.062143 0.032105
5 0.570000 0.275526 0.045714 0.032105
17 0.613214 0.274211 0.037857 0.032632
21 0.660000 0.273947 0.051429 0.032105
26 0.716429 0.274474 0.051429 0.032105
4 0.767143 0.276053 0.038571 0.032105
0 0.811429 0.276842 0.042857 0.032632
13 0.861786 0.278947 0.043571 0.032632
34 0.127143 0.333158 0.034286 0.032632
18 0.168214 0.332895 0.045000 0.032105
6 0.213214 0.332368 0.039286 0.032105
20 0.258571 0.331579 0.040000 0.032632
28 0.301071 0.331316 0.037857 0.032105
6 0.346786 0.330000 0.047857 0.032632
20 0.396429 0.329211 0.048571 0.033158
32 0.443214 0.327632 0.040714 0.032105
30 0.488929 0.326579 0.040714 0.032105
27 0.536429 0.324474 0.042857 0.032105
24 0.582143 0.323158 0.042857 0.032632
13 0.630000 0.322368 0.048571 0.032105
27 0.678929 0.322632 0.040714 0.032632
7 0.722857 0.323158 0.041429 0.032632
17 0.768571 0.323684 0.044286 0.032632
32 0.822143 0.325526 0.052857 0.032105
18 0.129643 0.384211 0.046429 0.032632
0 0.175357 0.383684 0.040714 0.032632
17 0.216429 0.383158 0.037143 0.032632
29 0.251786 0.382632 0.022143 0.032632
2 0.291429 0.382105 0.047143 0.032632
15 0.336786 0.381316 0.033571 0.032105
18 0.381429 0.380000 0.044286 0.032632
30 0.428214 0.378684 0.045000 0.032105
3 0.479286 0.376316 0.044286 0.031579
15 0.526071 0.375789 0.045000 0.031579
10 0.574643 0.373947 0.042143 0.032105
0 0.617143 0.372895 0.035714 0.032105
15 0.657143 0.372632 0.034286 0.032632
19 0.705000 0.372632 0.048571 0.032632
26 0.758929 0.373684 0.046429 0.032632
4 0.805714 0.375263 0.034286 0.032632
22 0.850000 0.377105 0.048571 0.033158
26 0.133929 0.435263 0.049286 0.032632
6 0.185000 0.434474 0.044286 0.032105
34 0.238571 0.434211 0.057143 0.032632
6 0.288571 0.433158 0.040000 0.032632
24 0.336071 0.432105 0.047857 0.032632
15 0.379286 0.430526 0.027143 0.032632
2 0.422500 0.429211 0.055000 0.033158
19 0.470714 0.427895 0.038571 0.032632
16 0.511786 0.426316 0.040714 0.032632
18 0.559643 0.425263 0.049286 0.032632
23 0.605000 0.424211 0.035714 0.032632
28 0.650714 0.423158 0.042857 0.032632
5 0.700000 0.423684 0.052857 0.032632
35 0.753214 0.424211 0.049286 0.032632
36 0.800357 0.425263 0.042143 0.032632
5 0.851429 0.427632 0.045714 0.032105
13 0.118214 0.481316 0.042143 0.032105
9 0.160000 0.480263 0.032857 0.033158
9 0.201786 0.480000 0.039286 0.032632
8 0.234286 0.479737 0.015714 0.032105
21 0.270357 0.479211 0.045000 0.033158
30 0.317500 0.478158 0.039286 0.033158
21 0.360000 0.476842 0.041429 0.032632
6 0.407143 0.475789 0.048571 0.032632
21 0.458929 0.473421 0.050714 0.032105
33 0.508214 0.471842 0.040714 0.033158
14 0.549286 0.471053 0.038571 0.032632
15 0.596786 0.469737 0.053571 0.032105
24 0.657143 0.469211 0.055714 0.033158
7 0.709286 0.469474 0.037143 0.032632
12 0.757500 0.470526 0.047857 0.032632
26 0.805357 0.471842 0.045000 0.032105
13 0.855000 0.473947 0.041429 0.032105
30 0.132143 0.531316 0.041429 0.032105
14 0.178929 0.531053 0.040714 0.032632
5 0.229643 0.530526 0.052143 0.032632
21 0.281786 0.529474 0.046429 0.032632
35 0.327500 0.528947 0.042143 0.032632
37 0.375714 0.527105 0.044286 0.033158
6 0.424643 0.526053 0.049286 0.032105
26 0.475357 0.523947 0.046429 0.032105
9 0.518214 0.522105 0.033571 0.032632
13 0.560357 0.520526 0.039286 0.032632
17 0.602857 0.520526 0.037143 0.031579
34 0.648214 0.519211 0.047857 0.032105
3 0.698571 0.519737 0.045714 0.033158
8 0.735357 0.520526 0.019286 0.032632
19 0.768571 0.521053 0.037143 0.032632
17 0.811786 0.522105 0.036429 0.032632
16 0.851786 0.524737 0.040714 0.032632
7 0.120714 0.579211 0.038571 0.032105
36 0.165357 0.579211 0.042143 0.033158
27 0.210714 0.578158 0.038571 0.032105
8 0.244286 0.577895 0.017143 0.032632
31 0.281786 0.577368 0.050714 0.032632
34 0.334643 0.576053 0.045000 0.032105
15 0.375714 0.574737 0.032857 0.032632
18 0.420357 0.573158 0.045000 0.032632
16 0.467500 0.571316 0.042143 0.033158
33 0.515000 0.569737 0.040000 0.032105
4 0.558571 0.568684 0.041429 0.033158
24 0.608571 0.567895 0.048571 0.032632
10 0.657857 0.567105 0.042857 0.032105
9 0.704286 0.567368 0.042857 0.032632
31 0.754643 0.568158 0.046429 0.033158
33 0.805357 0.569474 0.042143 0.032632
2 0.853929 0.571579 0.045000 0.032632
28 0.118571 0.632105 0.044286 0.032632
31 0.167500 0.631579 0.046429 0.032632
8 0.209286 0.631579 0.022857 0.032632
20 0.246071 0.631316 0.047857 0.032105
27 0.293929 0.630000 0.039286 0.032632
37 0.345000 0.628947 0.050000 0.032632
24 0.396786 0.627632 0.050714 0.033158
8 0.436786 0.625263 0.017857 0.032632
16 0.473929 0.624474 0.053571 0.033158
32 0.525714 0.622368 0.042857 0.032105
1 0.573214 0.621579 0.046429 0.032632
4 0.617500 0.620526 0.037857 0.032632
10 0.665000 0.620263 0.044286 0.032105
16 0.714286 0.620526 0.047143 0.032632
29 0.753214 0.621053 0.023571 0.032632
28 0.785714 0.621842 0.034286 0.032105
17 0.822857 0.623421 0.035714 0.033158
27 0.866071 0.625789 0.039286 0.032632
1 0.124643 0.677105 0.039286 0.032105
3 0.171429 0.677368 0.044286 0.032632
23 0.223214 0.677368 0.049286 0.032632
12 0.275357 0.676316 0.049286 0.032632
19 0.322500 0.675263 0.039286 0.032632
22 0.368214 0.673684 0.043571 0.032632
23 0.414643 0.671842 0.042143 0.032105
28 0.458571 0.670789 0.042857 0.032105
23 0.505714 0.668947 0.041429 0.032632
35 0.551429 0.667895 0.047143 0.032632
27 0.600357 0.666316 0.039286 0.032632
30 0.646071 0.666053 0.040714 0.032105
6 0.691071 0.666053 0.046429 0.033158
18 0.737500 0.666579 0.040714 0.032105
16 0.779286 0.667895 0.038571 0.032632
27 0.821786 0.668947 0.040714 0.032632
9 0.866071 0.671316 0.040714 0.032105
13 0.131429 0.729737 0.051429 0.032105
24 0.188214 0.729211 0.050714 0.033158
30 0.237500 0.728684 0.042143 0.032105
0 0.281429 0.727895 0.037143 0.032632
17 0.322857 0.726316 0.042857 0.032632
35 0.367857 0.725789 0.042857 0.032632
15 0.412857 0.723947 0.037143 0.032105
21 0.459643 0.721842 0.046429 0.032105
27 0.509286 0.720000 0.040000 0.031579
37 0.552857 0.719474 0.042857 0.032632
17 0.597143 0.718421 0.038571 0.032632
15 0.636786 0.717895 0.036429 0.032632
9 0.677857 0.717368 0.042857 0.032632
36 0.720714 0.717895 0.040000 0.032632
22 0.763571 0.718421 0.041429 0.032632
31 0.813929 0.720789 0.046429 0.033158
26 0.862857 0.723158 0.048571 0.032632
15 0.123571 0.780526 0.040000 0.032632
29 0.161429 0.780526 0.022857 0.032632
30 0.197857 0.780263 0.041429 0.032105
1 0.241429 0.779474 0.040000 0.032632
9 0.287143 0.779211 0.042857 0.032105
35 0.332857 0.777632 0.041429 0.033158
24 0.381786 0.776316 0.042143 0.032632
35 0.432500 0.774474 0.046429 0.033158
29 0.468214 0.773684 0.022143 0.032632
37 0.511071 0.772105 0.053571 0.032632
19 0.559643 0.770526 0.039286 0.032632
22 0.607143 0.769474 0.042857 0.032632
2 0.652143 0.768684 0.042857 0.033158
13 0.700000 0.768947 0.047143 0.032632
30 0.744286 0.769474 0.034286 0.032632
32 0.782500 0.770789 0.033571 0.032105
7 0.823214 0.772632 0.040714 0.032632
26 0.868929 0.774737 0.039286 0.032632
15 0.121429 0.830789 0.032857 0.033158
32 0.159286 0.831316 0.035714 0.033158
35 0.204286 0.830789 0.047143 0.033158
11 0.242857 0.830526 0.027143 0.032632
23 0.286429 0.829211 0.047143 0.033158
3 0.330714 0.827895 0.037143 0.031579
7 0.373214 0.826842 0.036429 0.032632
32 0.416429 0.825526 0.038571 0.033158
31 0.463214 0.824211 0.046429 0.032632
11 0.507143 0.822368 0.032857 0.032105
29 0.538214 0.821316 0.022143 0.033158
16 0.571429 0.820263 0.035714 0.033158
28 0.616071 0.820263 0.039286 0.033158
4 0.655357 0.819474 0.033571 0.032632
22 0.701071 0.819211 0.049286 0.032105
34 0.756786 0.820789 0.047857 0.033158
17 0.807143 0.821842 0.042857 0.033158
36 0.856786 0.823947 0.049286 0.032105
