8 0.168929 0.183158 0.019286 0.029474
19 0.196786 0.182632 0.030714 0.028421
30 0.234286 0.181579 0.037143 0.028421
2 0.274643 0.179211 0.039286 0.028947
17 0.317857 0.177105 0.037143 0.027895
25 0.355000 0.174474 0.032857 0.027895
23 0.397500 0.173158 0.042143 0.028421
15 0.434286 0.171579 0.030000 0.028421
36 0.471429 0.171316 0.032857 0.028947
1 0.511786 0.171842 0.040714 0.028947
18 0.556071 0.172895 0.036429 0.028947
16 0.595714 0.174211 0.035714 0.029474
29 0.626786 0.176053 0.016429 0.028947
7 0.655714 0.177105 0.034286 0.028947
5 0.696786 0.178947 0.037857 0.029474
27 0.740714 0.180526 0.038571 0.029474
29 0.772143 0.181316 0.017143 0.028947
29 0.793214 0.181842 0.015000 0.028947
27 0.821429 0.181842 0.035714 0.028947
37 0.181071 0.221579 0.036429 0.028421
2 0.220357 0.220526 0.040714 0.029474
27 0.261071 0.218684 0.035000 0.028947
28 0.295357 0.216579 0.026429 0.030000
36 0.336071 0.215000 0.047857 0.028947
11 0.376786 0.212632 0.027857 0.028421
24 0.415000 0.211579 0.042857 0.029474
9 0.457857 0.210526 0.031429 0.029474
0 0.492500 0.210789 0.029286 0.028947
27 0.532857 0.211053 0.042857 0.029474
18 0.576786 0.212105 0.039286 0.028421
21 0.621429 0.213947 0.041429 0.028947
24 0.662143 0.216053 0.037143 0.028947
32 0.697857 0.217895 0.032857 0.028421
13 0.740000 0.219211 0.041429 0.028947
9 0.782143 0.220263 0.034286 0.028947
0 0.183571 0.266842 0.031429 0.029474
37 0.219286 0.265263 0.035714 0.028421
30 0.256429 0.263684 0.028571 0.029474
21 0.296071 0.262105 0.036429 0.029474
25 0.332143 0.260263 0.031429 0.028947
19 0.368929 0.258158 0.032143 0.028947
11 0.406786 0.256579 0.032143 0.028947
35 0.445000 0.256316 0.038571 0.029474
19 0.482857 0.255789 0.030000 0.028421
30 0.519643 0.255789 0.036429 0.029474
14 0.558929 0.256842 0.032143 0.028421
15 0.593929 0.258421 0.026429 0.028421
4 0.623214 0.260000 0.029286 0.028421
30 0.660000 0.261053 0.034286 0.028421
24 0.702857 0.262895 0.044286 0.028947
26 0.748214 0.264474 0.039286 0.028947
31 0.789286 0.265789 0.040000 0.029474
23 0.173214 0.308421 0.040714 0.029474
5 0.220000 0.306579 0.041429 0.028947
34 0.262857 0.304737 0.038571 0.028421
29 0.296786 0.302632 0.016429 0.029474
11 0.323214 0.301579 0.027857 0.028421
8 0.347857 0.300263 0.018571 0.028947
8 0.372500 0.299211 0.019286 0.028947
5 0.405714 0.298158 0.038571 0.028947
26 0.448214 0.297105 0.039286 0.028947
1 0.489286 0.296579 0.038571 0.028947
24 0.530714 0.297632 0.040000 0.028947
22 0.573929 0.298947 0.039286 0.028421
24 0.617857 0.301053 0.041429 0.028421
9 0.658929 0.303158 0.035000 0.029474
22 0.700000 0.304737 0.038571 0.028421
2 0.742857 0.305789 0.037143 0.028421
37 0.784286 0.306842 0.044286 0.029474
25 0.178929 0.352105 0.036429 0.028421
34 0.219286 0.350789 0.038571 0.028947
33 0.258929 0.348947 0.035000 0.029474
29 0.289643 0.346842 0.019286 0.029474
21 0.321786 0.345789 0.035000 0.029474
29 0.352143 0.343947 0.022857 0.028947
2 0.384286 0.342632 0.034286 0.028421
3 0.426071 0.341053 0.042143 0.029474
34 0.465000 0.340789 0.031429 0.028947
16 0.506429 0.341316 0.040000 0.028947
1 0.547143 0.342368 0.034286 0.028947
36 0.589643 0.343684 0.040714 0.029474
19 0.630000 0.345000 0.034286 0.028947
36 0.670714 0.347632 0.041429 0.028947
37 0.712857 0.348684 0.038571 0.028947
7 0.751429 0.350526 0.035714 0.029474
30 0.790714 0.351053 0.034286 0.028421
19 0.177143 0.397632 0.027143 0.028947
22 0.215000 0.396579 0.040000 0.028947
25 0.253929 0.394737 0.033571 0.029474
37 0.290000 0.392895 0.035714 0.028947
18 0.332500 0.390789 0.040714 0.028947
29 0.365714 0.388947 0.015714 0.029474
27 0.393929 0.388158 0.036429 0.028947
35 0.438571 0.387105 0.042857 0.028947
14 0.481786 0.386579 0.035000 0.028947
19 0.522500 0.387368 0.037857 0.029474
31 0.567143 0.388947 0.042857 0.029474
33 0.612500 0.391053 0.036429 0.029474
22 0.655714 0.392895 0.041429 0.028947
37 0.698214 0.394737 0.036429 0.029474
33 0.733571 0.396316 0.031429 0.029474
20 0.775000 0.397368 0.045714 0.029474
24 0.177143 0.442368 0.040000 0.028947
29 0.207143 0.440526 0.014286 0.028421
1 0.233929 0.440000 0.037857 0.028421
10 0.276429 0.437895 0.038571 0.029474
10 0.315357 0.436316 0.036429 0.029474
7 0.357500 0.433947 0.039286 0.028947
9 0.397143 0.432105 0.032857 0.028421
2 0.439643 0.431316 0.040714 0.028947
33 0.479286 0.431053 0.034286 0.029474
28 0.516786 0.431053 0.033571 0.028421
29 0.550000 0.432632 0.021429 0.029474
33 0.580357 0.434211 0.035000 0.029474
0 0.620000 0.435526 0.034286 0.028947
3 0.659643 0.437895 0.037857 0.029474
30 0.700000 0.439737 0.032857 0.028947
13 0.740000 0.440789 0.038571 0.028947
3 0.781429 0.441579 0.035714 0.028421
20 0.190000 0.482368 0.058571 0.028947
14 0.241786 0.480789 0.033571 0.028947
33 0.277500 0.478684 0.033571 0.028947
21 0.316786 0.476842 0.040714 0.028421
28 0.355714 0.475000 0.032857 0.028947
25 0.395000 0.473421 0.035714 0.028947
12 0.437500 0.472105 0.043571 0.029474
34 0.482857 0.472105 0.040000 0.029474
32 0.520357 0.472368 0.032143 0.028947
8 0.552857 0.473684 0.022857 0.029474
10 0.586786 0.475526 0.036429 0.028947
14 0.622857 0.476842 0.031429 0.029474
21 0.662857 0.479474 0.038571 0.029474
25 0.703214 0.481053 0.030714 0.028421
24 0.739286 0.481842 0.037143 0.028947
20 0.788571 0.483158 0.057143 0.029474
36 0.176786 0.525789 0.039286 0.029474
3 0.219643 0.524211 0.036429 0.029474
20 0.261071 0.522105 0.037857 0.029474
0 0.293571 0.520789 0.025714 0.028947
14 0.327143 0.518947 0.032857 0.028421
26 0.366786 0.517368 0.042143 0.029474
36 0.412500 0.515263 0.045000 0.029474
14 0.456786 0.515000 0.033571 0.028947
15 0.492500 0.515263 0.032143 0.029474
31 0.527143 0.515789 0.035714 0.029474
9 0.565714 0.517368 0.035714 0.029474
18 0.608571 0.519211 0.040000 0.030000
8 0.642143 0.521316 0.018571 0.028947
3 0.673929 0.523421 0.036429 0.028947
34 0.717500 0.524474 0.045000 0.030000
7 0.761786 0.525526 0.032143 0.028947
15 0.794643 0.526053 0.030714 0.028947
4 0.173571 0.573684 0.028571 0.029474
35 0.211786 0.572105 0.042143 0.029474
17 0.255714 0.570526 0.038571 0.028421
36 0.299643 0.568158 0.040714 0.028947
11 0.348214 0.566053 0.046429 0.028947
18 0.393571 0.563947 0.038571 0.030000
3 0.433571 0.562895 0.035714 0.028947
4 0.475000 0.562368 0.040000 0.028947
29 0.505357 0.562895 0.013571 0.028947
12 0.532857 0.563684 0.038571 0.029474
19 0.568929 0.564737 0.026429 0.028421
2 0.606429 0.567105 0.038571 0.028947
34 0.647857 0.568947 0.038571 0.028421
34 0.692500 0.571316 0.040714 0.028947
5 0.738214 0.572895 0.043571 0.028947
25 0.779643 0.573684 0.033571 0.029474
10 0.819643 0.573947 0.036429 0.028947
22 0.180000 0.614474 0.041429 0.028947
11 0.217143 0.613421 0.024286 0.028947
29 0.238929 0.612105 0.015000 0.029474
25 0.268214 0.611316 0.033571 0.028947
7 0.309643 0.608947 0.039286 0.029474
24 0.352143 0.606842 0.038571 0.028421
29 0.386429 0.605263 0.018571 0.029474
17 0.414286 0.604474 0.030000 0.028947
16 0.447143 0.604211 0.028571 0.028421
4 0.486071 0.603684 0.042143 0.028421
37 0.530714 0.604737 0.040000 0.028421
34 0.570714 0.606579 0.030000 0.028947
32 0.606071 0.607632 0.030714 0.028947
37 0.645714 0.610263 0.037143 0.028947
34 0.688929 0.612105 0.046429 0.029474
2 0.737500 0.613947 0.040714 0.028947
18 0.779286 0.615000 0.037143 0.027895
27 0.818214 0.615263 0.036429 0.029474
13 0.186786 0.660526 0.043571 0.029474
25 0.230000 0.658947 0.040000 0.029474
33 0.273214 0.656842 0.039286 0.029474
3 0.313214 0.654474 0.035000 0.028947
7 0.352500 0.652368 0.035000 0.028947
21 0.395357 0.650789 0.043571 0.028947
21 0.438929 0.649737 0.039286 0.028947
34 0.478929 0.650000 0.037857 0.029474
0 0.519286 0.650263 0.032857 0.028947
37 0.560000 0.651053 0.038571 0.029474
10 0.598571 0.653684 0.034286 0.029474
15 0.636786 0.655263 0.032143 0.029474
14 0.671429 0.656842 0.031429 0.029474
31 0.710000 0.658684 0.041429 0.028947
22 0.755357 0.659737 0.039286 0.028947
17 0.795714 0.660526 0.032857 0.029474
29 0.178571 0.701053 0.021429 0.028421
15 0.208929 0.700526 0.032143 0.029474
36 0.245714 0.699211 0.032857 0.028947
29 0.275357 0.696842 0.017857 0.029474
13 0.311071 0.696053 0.050714 0.028947
26 0.360000 0.693158 0.035714 0.028421
32 0.396786 0.691316 0.030714 0.028947
12 0.436071 0.690526 0.042143 0.028421
12 0.479286 0.690263 0.042857 0.028947
22 0.525714 0.691316 0.040000 0.028947
14 0.563214 0.692632 0.030714 0.029474
9 0.597857 0.693947 0.030000 0.028947
6 0.637143 0.696053 0.040000 0.028947
20 0.683214 0.698158 0.040714 0.028947
37 0.727857 0.700000 0.038571 0.029474
10 0.768571 0.701316 0.035714 0.028947
25 0.805714 0.701579 0.032857 0.029474
6 0.173929 0.749211 0.039286 0.028947
16 0.215357 0.747105 0.033571 0.030000
31 0.258214 0.745789 0.045000 0.029474
22 0.305714 0.742895 0.040000 0.028947
34 0.351429 0.740526 0.044286 0.029474
31 0.395714 0.738684 0.041429 0.028947
18 0.439643 0.737368 0.039286 0.028421
29 0.472500 0.736842 0.023571 0.028421
33 0.502500 0.737105 0.032143 0.028947
14 0.539286 0.737895 0.035714 0.029474
24 0.582500 0.740000 0.042143 0.029474
29 0.613929 0.742105 0.015000 0.029474
27 0.639643 0.742632 0.035000 0.029474
31 0.678214 0.744474 0.035000 0.028947
29 0.709643 0.746579 0.017857 0.028947
13 0.741786 0.747105 0.040714 0.028947
13 0.785714 0.747895 0.041429 0.029474
15 0.824286 0.748421 0.027143 0.028421
30 0.175357 0.791842 0.036429 0.028947
18 0.220714 0.790263 0.042857 0.030000
13 0.269286 0.788158 0.044286 0.028947
29 0.303214 0.785789 0.012143 0.029474
23 0.328929 0.784737 0.035000 0.029474
6 0.366786 0.783158 0.036429 0.029474
27 0.403214 0.781316 0.033571 0.028947
23 0.444286 0.780263 0.041429 0.028947
1 0.485714 0.780263 0.035714 0.028947
10 0.522857 0.780526 0.035714 0.028421
19 0.558571 0.781842 0.030000 0.028947
35 0.596786 0.783947 0.040714 0.028947
28 0.642857 0.785789 0.041429 0.028421
34 0.686429 0.788158 0.037143 0.028947
20 0.734286 0.789474 0.047143 0.028421
9 0.775714 0.791053 0.032857 0.029474
22 0.813929 0.791316 0.037857 0.028947
