15 0.180000 0.180263 0.030000 0.031053
24 0.220357 0.178158 0.045000 0.032105
30 0.265357 0.175789 0.036429 0.031579
24 0.306786 0.174211 0.042143 0.031579
23 0.351071 0.172632 0.042143 0.031579
34 0.398571 0.171842 0.042857 0.032105
2 0.445714 0.171316 0.042857 0.032105
18 0.495357 0.171842 0.045000 0.032105
6 0.543571 0.172105 0.044286 0.031579
33 0.590000 0.173947 0.041429 0.032105
20 0.634286 0.175263 0.038571 0.031579
3 0.678214 0.177368 0.042143 0.031579
2 0.723571 0.178421 0.041429 0.031579
9 0.766429 0.179474 0.035714 0.031579
31 0.808571 0.180526 0.044286 0.031579
21 0.181429 0.228947 0.041429 0.031579
37 0.235000 0.226579 0.054286 0.032105
4 0.282857 0.224211 0.032857 0.031579
1 0.321429 0.222632 0.037143 0.031579
13 0.364643 0.221316 0.043571 0.032105
37 0.417857 0.220263 0.052857 0.032105
0 0.465357 0.220526 0.036429 0.031579
9 0.507143 0.221316 0.038571 0.032105
17 0.547143 0.221842 0.037143 0.032105
25 0.588214 0.222895 0.035000 0.031053
14 0.626071 0.223947 0.030714 0.032105
10 0.666071 0.225789 0.043571 0.031579
21 0.713214 0.226842 0.040714 0.031579
26 0.757500 0.228421 0.045000 0.031579
2 0.806071 0.229474 0.043571 0.031579
24 0.185357 0.276053 0.050714 0.032105
4 0.230714 0.272895 0.031429 0.032105
31 0.272500 0.271316 0.040714 0.031053
15 0.316786 0.269737 0.036429 0.032105
26 0.361071 0.268421 0.045000 0.031579
11 0.401786 0.268158 0.033571 0.032105
11 0.437500 0.267895 0.027857 0.031579
1 0.476429 0.267632 0.041429 0.032105
16 0.518929 0.268158 0.040714 0.032105
6 0.567857 0.269211 0.045714 0.032105
23 0.609286 0.270263 0.034286 0.032105
24 0.650714 0.272105 0.045714 0.031579
14 0.693214 0.273421 0.033571 0.032105
12 0.734643 0.274737 0.047857 0.031579
0 0.784286 0.275526 0.041429 0.031053
31 0.189286 0.324737 0.044286 0.031579
33 0.233929 0.322105 0.036429 0.031579
25 0.277500 0.320789 0.040714 0.032105
18 0.322857 0.319474 0.041429 0.031579
15 0.364643 0.318684 0.033571 0.032105
11 0.398929 0.317368 0.030714 0.031579
11 0.433214 0.317632 0.030714 0.031053
26 0.470000 0.317368 0.038571 0.031579
21 0.515714 0.318421 0.048571 0.031579
32 0.564286 0.319211 0.040000 0.032105
7 0.604643 0.319737 0.037857 0.031053
24 0.646429 0.321316 0.044286 0.032105
23 0.691429 0.322368 0.040000 0.032105
3 0.742143 0.323684 0.051429 0.031579
36 0.792143 0.325263 0.047143 0.031579
9 0.174286 0.370000 0.037143 0.031579
13 0.216071 0.368158 0.042143 0.032105
2 0.260714 0.366579 0.041429 0.032105
23 0.302500 0.364737 0.030714 0.031579
12 0.342857 0.363947 0.044286 0.031053
2 0.391786 0.363158 0.045000 0.031579
15 0.438571 0.362632 0.037143 0.031579
30 0.477143 0.362368 0.035714 0.031053
34 0.518571 0.362632 0.041429 0.031579
4 0.560000 0.363684 0.034286 0.031579
21 0.601786 0.364211 0.039286 0.031579
26 0.646429 0.365526 0.042857 0.032105
12 0.691429 0.367105 0.041429 0.031053
12 0.738929 0.368158 0.046429 0.031053
17 0.782143 0.368947 0.038571 0.030526
11 0.819643 0.369737 0.033571 0.031053
24 0.184643 0.415789 0.043571 0.031579
21 0.229643 0.414211 0.040714 0.031579
26 0.275357 0.412895 0.045000 0.032105
17 0.318929 0.411316 0.037857 0.031053
3 0.360357 0.410526 0.042143 0.031579
9 0.403571 0.410000 0.038571 0.031579
32 0.445000 0.410000 0.034286 0.031579
24 0.487857 0.409211 0.042857 0.031053
7 0.534643 0.410263 0.042143 0.031053
19 0.578571 0.410789 0.040000 0.031053
24 0.622857 0.411842 0.042857 0.031053
31 0.670000 0.412632 0.045714 0.031579
33 0.717500 0.414211 0.039286 0.031579
32 0.755000 0.415000 0.034286 0.031053
33 0.792857 0.415000 0.035714 0.031053
28 0.176071 0.466316 0.039286 0.031579
25 0.217500 0.464737 0.042143 0.031579
17 0.263214 0.463158 0.042143 0.031579
37 0.310000 0.462105 0.048571 0.031579
35 0.364286 0.460789 0.048571 0.032105
33 0.408929 0.460526 0.035000 0.031579
7 0.444286 0.460000 0.032857 0.031579
26 0.483929 0.460263 0.042143 0.031053
31 0.526786 0.460000 0.036429 0.031579
7 0.562143 0.460526 0.032857 0.031579
17 0.597500 0.460789 0.033571 0.031053
5 0.640357 0.461842 0.042143 0.031053
35 0.681429 0.462368 0.037143 0.031053
16 0.723929 0.463421 0.037857 0.031053
8 0.757143 0.464474 0.020000 0.031053
5 0.792500 0.465000 0.045000 0.031053
29 0.173929 0.509211 0.019286 0.031053
2 0.206786 0.508158 0.045000 0.031053
33 0.250714 0.506579 0.040000 0.031053
9 0.291429 0.505000 0.035714 0.031053
35 0.335714 0.504474 0.041429 0.031053
29 0.369643 0.503421 0.022143 0.031053
14 0.399286 0.503158 0.034286 0.031579
16 0.437500 0.502895 0.033571 0.031053
31 0.481071 0.503158 0.049286 0.031579
25 0.525714 0.502632 0.037143 0.031579
15 0.563571 0.503158 0.032857 0.031579
18 0.607857 0.503158 0.045714 0.031579
11 0.652143 0.504211 0.034286 0.030526
18 0.693929 0.504474 0.046429 0.031053
35 0.739643 0.506053 0.042143 0.031053
0 0.781071 0.507105 0.036429 0.031053
16 0.173571 0.555000 0.037143 0.031053
37 0.217143 0.553421 0.045714 0.031053
25 0.260000 0.551842 0.037143 0.032105
13 0.303929 0.550789 0.040714 0.031053
14 0.345714 0.550000 0.038571 0.031579
28 0.394286 0.549474 0.048571 0.031579
37 0.441786 0.548684 0.043571 0.031053
18 0.488929 0.548421 0.045000 0.031579
7 0.533214 0.548158 0.039286 0.031053
14 0.570000 0.547895 0.030000 0.030526
24 0.608214 0.547895 0.042143 0.030526
23 0.650714 0.549211 0.037143 0.031053
11 0.687500 0.549737 0.032143 0.031053
18 0.727500 0.551053 0.043571 0.030526
4 0.767143 0.552105 0.030000 0.031579
35 0.806071 0.553158 0.040714 0.031579
13 0.189286 0.602105 0.042857 0.031579
30 0.232857 0.600789 0.040000 0.031053
16 0.281429 0.598684 0.051429 0.031053
27 0.332857 0.598158 0.041429 0.031053
3 0.378214 0.597105 0.039286 0.031053
0 0.415714 0.596579 0.031429 0.031053
3 0.462143 0.595263 0.058571 0.030526
3 0.520714 0.595000 0.047143 0.031053
34 0.570714 0.595000 0.042857 0.031053
13 0.618214 0.594737 0.046429 0.030526
28 0.663214 0.596053 0.035000 0.031053
16 0.704286 0.597105 0.042857 0.031053
22 0.747857 0.598684 0.041429 0.031053
11 0.785000 0.600263 0.030000 0.031053
23 0.816071 0.601316 0.025000 0.031053
6 0.183929 0.648421 0.039286 0.031579
28 0.228571 0.646842 0.044286 0.031579
4 0.272143 0.644737 0.031429 0.031579
17 0.312143 0.643421 0.035714 0.031053
37 0.356071 0.642632 0.042143 0.030526
29 0.386071 0.641842 0.013571 0.031053
27 0.420714 0.641579 0.045714 0.031579
2 0.468571 0.640789 0.042857 0.031053
32 0.511071 0.640526 0.037857 0.030526
7 0.552500 0.639737 0.042143 0.031053
18 0.597143 0.639737 0.045714 0.031053
31 0.643214 0.640263 0.042143 0.031053
3 0.690357 0.642105 0.042143 0.031579
2 0.733929 0.643421 0.037857 0.031053
21 0.776429 0.645526 0.038571 0.031053
32 0.815357 0.646579 0.035000 0.031053
22 0.178214 0.693684 0.045000 0.031579
33 0.220357 0.692105 0.036429 0.031579
29 0.251429 0.690263 0.021429 0.031053
2 0.289286 0.688947 0.044286 0.031579
23 0.330714 0.688158 0.034286 0.031053
13 0.377143 0.686842 0.051429 0.030526
16 0.424643 0.685789 0.039286 0.030526
6 0.466429 0.685526 0.042857 0.031053
3 0.510714 0.684737 0.034286 0.030526
31 0.550000 0.685000 0.041429 0.031053
7 0.589643 0.684737 0.035000 0.031579
2 0.634286 0.685000 0.050000 0.031053
10 0.682500 0.686316 0.039286 0.030526
15 0.721786 0.688421 0.036429 0.031579
2 0.766071 0.690000 0.042143 0.031579
26 0.809286 0.692105 0.041429 0.031579
35 0.178929 0.742632 0.039286 0.031579
14 0.218929 0.740526 0.033571 0.031579
4 0.257500 0.738421 0.037857 0.031579
2 0.300000 0.737368 0.044286 0.030526
3 0.344643 0.735789 0.042143 0.031579
1 0.392143 0.734474 0.047143 0.031053
31 0.443571 0.733947 0.047143 0.031053
12 0.493214 0.733421 0.042143 0.031053
28 0.532500 0.733158 0.033571 0.031579
9 0.570000 0.733158 0.037143 0.031579
34 0.610357 0.733947 0.042143 0.032105
12 0.658929 0.735263 0.045000 0.031579
20 0.704643 0.736579 0.035000 0.031053
4 0.746786 0.738421 0.037857 0.031579
37 0.788214 0.740263 0.043571 0.032105
23 0.175714 0.787368 0.032857 0.031579
28 0.216429 0.786053 0.044286 0.032105
31 0.263571 0.783684 0.047143 0.031579
1 0.311071 0.782105 0.042143 0.031579
35 0.357143 0.780263 0.045714 0.031053
17 0.399286 0.778947 0.030000 0.031579
0 0.437143 0.778684 0.041429 0.031053
12 0.483929 0.778421 0.043571 0.031579
23 0.527857 0.778421 0.041429 0.031579
35 0.571429 0.778684 0.042857 0.032105
27 0.618214 0.779737 0.039286 0.032105
1 0.656786 0.781053 0.035000 0.031579
1 0.696786 0.782632 0.037857 0.031579
9 0.733571 0.784211 0.032857 0.031579
22 0.773929 0.785263 0.042143 0.031579
