21 0.175357 0.175789 0.037857 0.029474
6 0.220357 0.174737 0.042143 0.029474
18 0.263571 0.173947 0.040000 0.028947
24 0.308571 0.173947 0.042857 0.028947
1 0.350714 0.173684 0.034286 0.028421
16 0.385357 0.174474 0.030714 0.028947
37 0.420714 0.174737 0.037143 0.028421
17 0.460000 0.175000 0.032857 0.028947
24 0.499286 0.175789 0.042857 0.028421
18 0.543214 0.176842 0.040714 0.029474
17 0.582500 0.177632 0.030714 0.028947
31 0.620000 0.177632 0.032857 0.028947
27 0.658571 0.178158 0.035714 0.028947
33 0.695714 0.178158 0.032857 0.028947
28 0.731786 0.177632 0.035000 0.028947
32 0.771786 0.177895 0.033571 0.029474
16 0.812143 0.177895 0.035714 0.029474
7 0.183571 0.214737 0.031429 0.029474
31 0.224286 0.214211 0.042857 0.029474
33 0.269286 0.212895 0.037143 0.028947
14 0.308214 0.212895 0.033571 0.028947
3 0.347143 0.213158 0.035714 0.029474
29 0.375000 0.212895 0.014286 0.028947
3 0.405000 0.213421 0.034286 0.028947
34 0.440000 0.213684 0.032857 0.028421
19 0.473929 0.214211 0.029286 0.028421
36 0.511786 0.215526 0.040714 0.028947
20 0.549286 0.216053 0.031429 0.028947
7 0.587857 0.216053 0.040000 0.028947
14 0.627500 0.216842 0.032143 0.029474
20 0.665000 0.216579 0.032857 0.028947
14 0.698214 0.216842 0.030714 0.029474
19 0.730357 0.217368 0.029286 0.029474
8 0.758214 0.216842 0.023571 0.029474
36 0.789286 0.216842 0.035714 0.028421
13 0.174286 0.259737 0.040000 0.028947
22 0.213571 0.258421 0.034286 0.028421
35 0.252857 0.258158 0.041429 0.028947
13 0.299643 0.257368 0.042143 0.029474
30 0.342857 0.257368 0.032857 0.028421
14 0.383214 0.257895 0.040714 0.029474
12 0.428214 0.258421 0.039286 0.029474
36 0.471786 0.259474 0.039286 0.029474
4 0.508929 0.260526 0.030714 0.029474
20 0.541071 0.260263 0.029286 0.027895
32 0.576071 0.261053 0.032143 0.029474
3 0.613929 0.261579 0.035000 0.029474
1 0.648571 0.261579 0.031429 0.028421
13 0.693214 0.261579 0.047857 0.029474
8 0.730714 0.261842 0.018571 0.028947
29 0.756429 0.261842 0.025714 0.028947
22 0.794643 0.261579 0.040714 0.029474
16 0.181786 0.305789 0.035000 0.029474
20 0.226786 0.305000 0.047857 0.028947
12 0.272857 0.304474 0.038571 0.028947
17 0.310714 0.304474 0.032857 0.030000
5 0.350714 0.304737 0.037143 0.029474
37 0.392143 0.304737 0.038571 0.029474
7 0.430000 0.305000 0.031429 0.028947
18 0.467143 0.306316 0.038571 0.028421
18 0.511429 0.306842 0.038571 0.029474
22 0.556786 0.307105 0.045000 0.028947
25 0.603571 0.308158 0.038571 0.028947
29 0.634286 0.307895 0.017143 0.028421
11 0.663929 0.308158 0.035000 0.028947
7 0.698571 0.308684 0.030000 0.028947
26 0.737857 0.308158 0.045714 0.028947
9 0.779643 0.308158 0.033571 0.028947
34 0.819286 0.308158 0.040000 0.028947
36 0.183214 0.346579 0.039286 0.028947
13 0.224643 0.345000 0.040714 0.028947
9 0.267500 0.345263 0.035000 0.029474
24 0.308571 0.345000 0.044286 0.028947
6 0.353929 0.345000 0.042143 0.028947
37 0.396071 0.345526 0.040714 0.028947
21 0.440000 0.346316 0.040000 0.029474
9 0.480000 0.347105 0.032857 0.028947
24 0.517500 0.347632 0.037857 0.028947
24 0.561429 0.348158 0.040000 0.028947
27 0.605000 0.348158 0.040000 0.028947
12 0.652857 0.348947 0.044286 0.029474
8 0.688214 0.348684 0.020714 0.030000
28 0.722500 0.348947 0.042143 0.029474
13 0.768214 0.348421 0.040714 0.029474
9 0.809286 0.348421 0.034286 0.028421
18 0.184286 0.391579 0.038571 0.029474
8 0.218929 0.390789 0.020714 0.028947
22 0.252857 0.390526 0.038571 0.029474
18 0.296786 0.390526 0.037857 0.029474
16 0.337500 0.390789 0.033571 0.028947
9 0.373929 0.390526 0.033571 0.029474
24 0.415000 0.391316 0.041429 0.028947
22 0.459643 0.391579 0.040714 0.029474
9 0.498571 0.392368 0.032857 0.028947
27 0.535714 0.393158 0.034286 0.029474
24 0.576429 0.393684 0.040000 0.029474
31 0.615714 0.393684 0.035714 0.028421
24 0.658929 0.393684 0.045000 0.029474
32 0.702857 0.393684 0.034286 0.028421
20 0.734643 0.394211 0.025000 0.029474
3 0.769643 0.393421 0.035000 0.028947
6 0.810714 0.393947 0.038571 0.028947
2 0.185714 0.436316 0.040000 0.029474
15 0.225000 0.435526 0.034286 0.028947
14 0.260714 0.435000 0.031429 0.028947
31 0.301071 0.435000 0.037857 0.028947
32 0.342143 0.435263 0.032857 0.029474
19 0.379643 0.435789 0.032143 0.029474
30 0.415714 0.436316 0.035714 0.029474
4 0.453214 0.436316 0.037857 0.028421
19 0.495000 0.437105 0.034286 0.028947
17 0.534286 0.437895 0.038571 0.029474
8 0.568214 0.438421 0.022143 0.029474
26 0.600714 0.438421 0.041429 0.029474
35 0.643571 0.438421 0.040000 0.029474
27 0.683214 0.438684 0.036429 0.028947
16 0.722143 0.438684 0.034286 0.030000
9 0.756429 0.438684 0.030000 0.028947
23 0.791786 0.438158 0.030714 0.028947
1 0.173571 0.481053 0.034286 0.029474
26 0.214286 0.480000 0.040000 0.029474
0 0.253929 0.479211 0.029286 0.028947
9 0.290714 0.479474 0.032857 0.029474
27 0.328214 0.479474 0.036429 0.028421
34 0.368571 0.480000 0.038571 0.029474
28 0.408214 0.480526 0.036429 0.029474
3 0.448571 0.481053 0.040000 0.029474
28 0.489643 0.481842 0.035000 0.028947
16 0.530357 0.482105 0.035000 0.029474
32 0.568571 0.482368 0.035714 0.028947
36 0.612857 0.482368 0.044286 0.028947
11 0.655357 0.482895 0.029286 0.028947
12 0.690714 0.482632 0.037143 0.029474
6 0.733571 0.483158 0.038571 0.028421
27 0.772857 0.482632 0.037143 0.028421
22 0.813571 0.482632 0.038571 0.029474
12 0.189286 0.520789 0.044286 0.028947
35 0.235714 0.519474 0.040000 0.029474
27 0.279643 0.519737 0.039286 0.028947
7 0.318929 0.519474 0.035000 0.029474
4 0.355714 0.519474 0.034286 0.028421
18 0.395357 0.519737 0.037857 0.028947
15 0.436071 0.520526 0.033571 0.029474
27 0.472857 0.521053 0.032857 0.028421
3 0.514286 0.521842 0.041429 0.028947
3 0.558214 0.521842 0.036429 0.028947
28 0.603571 0.522105 0.044286 0.028421
12 0.647143 0.522368 0.040000 0.028947
20 0.685714 0.522105 0.034286 0.028421
12 0.726429 0.521842 0.037143 0.028947
25 0.772143 0.521842 0.044286 0.028947
1 0.176429 0.566053 0.035714 0.028947
26 0.218571 0.565000 0.038571 0.028947
7 0.260714 0.564211 0.035714 0.029474
3 0.307857 0.564474 0.050000 0.030000
27 0.356071 0.564211 0.036429 0.029474
4 0.395357 0.564737 0.030714 0.029474
4 0.427857 0.565000 0.030000 0.028947
31 0.466786 0.565789 0.040714 0.029474
31 0.506071 0.565789 0.033571 0.029474
26 0.546071 0.566579 0.040714 0.028947
23 0.582857 0.566842 0.030000 0.029474
6 0.626429 0.566316 0.045714 0.029474
16 0.672143 0.566579 0.035714 0.028947
12 0.714286 0.566842 0.042857 0.028421
16 0.758214 0.567105 0.037857 0.028947
14 0.796071 0.567368 0.030714 0.029474
19 0.181786 0.613158 0.027857 0.029474
33 0.218214 0.612105 0.033571 0.029474
15 0.253214 0.612105 0.029286 0.029474
21 0.289286 0.611842 0.037143 0.028947
35 0.332857 0.611842 0.040000 0.028947
26 0.376071 0.611842 0.035000 0.028947
25 0.413571 0.612105 0.032857 0.028421
26 0.453571 0.612105 0.041429 0.028421
12 0.498929 0.613158 0.039286 0.028421
5 0.542143 0.613158 0.037143 0.029474
6 0.586429 0.613158 0.044286 0.029474
31 0.631786 0.613421 0.039286 0.028947
34 0.671071 0.613158 0.037857 0.029474
2 0.714643 0.613684 0.036429 0.029474
2 0.755357 0.613684 0.036429 0.029474
35 0.794643 0.613947 0.036429 0.028947
5 0.181786 0.657368 0.039286 0.029474
27 0.221786 0.655526 0.035000 0.028947
13 0.265357 0.655526 0.045000 0.027895
37 0.307143 0.655263 0.037143 0.029474
16 0.343929 0.655263 0.033571 0.029474
35 0.383571 0.655263 0.040000 0.029474
19 0.420357 0.655526 0.029286 0.028947
6 0.457143 0.655789 0.038571 0.028421
29 0.487500 0.656053 0.020714 0.030000
16 0.519643 0.656053 0.033571 0.028947
4 0.555000 0.656316 0.027143 0.028421
19 0.585357 0.656316 0.030714 0.028421
14 0.618929 0.656316 0.030714 0.029474
12 0.655000 0.656842 0.038571 0.029474
32 0.698214 0.656842 0.036429 0.028421
26 0.737500 0.656579 0.040714 0.028947
27 0.784286 0.657632 0.040000 0.028947
12 0.185000 0.701316 0.041429 0.028947
36 0.233571 0.700000 0.048571 0.029474
12 0.280714 0.699737 0.037143 0.028947
14 0.318929 0.699474 0.030714 0.029474
3 0.353929 0.699737 0.036429 0.028947
1 0.393214 0.699474 0.037857 0.029474
11 0.431429 0.699474 0.027143 0.029474
15 0.460000 0.699737 0.027143 0.028947
2 0.495714 0.699737 0.038571 0.028947
29 0.526429 0.700000 0.018571 0.028421
7 0.556429 0.699737 0.032857 0.028947
26 0.594643 0.700263 0.036429 0.028947
26 0.635000 0.700263 0.035714 0.028947
18 0.676786 0.700526 0.037857 0.029474
31 0.718571 0.700789 0.041429 0.028947
12 0.762500 0.701053 0.042143 0.029474
37 0.808214 0.701842 0.040714 0.030000
16 0.180000 0.741053 0.031429 0.029474
26 0.220357 0.740789 0.040714 0.028947
6 0.264643 0.739737 0.039286 0.028947
15 0.304286 0.739474 0.030000 0.028421
28 0.337143 0.739737 0.028571 0.028947
21 0.375714 0.739737 0.037143 0.028947
5 0.416429 0.739474 0.038571 0.029474
6 0.455357 0.739737 0.035000 0.028947
0 0.487500 0.739737 0.026429 0.028947
10 0.522143 0.739737 0.034286 0.028947
4 0.553929 0.739737 0.027857 0.028947
0 0.586071 0.739737 0.032143 0.028947
22 0.625714 0.739737 0.037143 0.027895
1 0.664286 0.739737 0.035714 0.028947
4 0.700357 0.740000 0.030714 0.029474
3 0.744643 0.740789 0.052143 0.028947
9 0.788929 0.741053 0.030714 0.028421
9 0.173929 0.787368 0.033571 0.029474
35 0.211429 0.786316 0.038571 0.028421
9 0.250357 0.785526 0.033571 0.028947
23 0.290714 0.785789 0.042857 0.029474
3 0.332500 0.785789 0.037857 0.029474
7 0.370714 0.785526 0.028571 0.028947
23 0.404643 0.785263 0.033571 0.028421
2 0.442500 0.785789 0.037857 0.029474
11 0.478571 0.785263 0.030000 0.029474
0 0.512143 0.785263 0.030000 0.029474
27 0.546071 0.785000 0.035000 0.028947
1 0.585714 0.785526 0.038571 0.028947
9 0.624286 0.785526 0.032857 0.028947
18 0.661786 0.785789 0.039286 0.029474
22 0.702143 0.785789 0.040000 0.029474
20 0.743214 0.786842 0.039286 0.029474
24 0.786071 0.786579 0.042143 0.028947
