14 0.175000 0.179211 0.034286 0.032105
22 0.217143 0.177105 0.047143 0.031053
24 0.266071 0.174474 0.043571 0.032105
21 0.312857 0.171842 0.045714 0.032105
30 0.357500 0.170263 0.039286 0.032105
2 0.399286 0.168421 0.042857 0.031579
24 0.445714 0.167368 0.044286 0.031579
20 0.492500 0.166316 0.039286 0.031579
11 0.531429 0.166053 0.032857 0.031053
13 0.577500 0.165789 0.049286 0.031579
37 0.628214 0.166316 0.050714 0.031579
29 0.666786 0.167105 0.020714 0.031053
7 0.699286 0.167895 0.038571 0.031579
35 0.740000 0.169474 0.040000 0.031579
23 0.786429 0.171053 0.047143 0.031579
31 0.190000 0.225526 0.044286 0.032105
15 0.232143 0.223421 0.035714 0.032105
28 0.270714 0.221316 0.040000 0.032105
28 0.313929 0.218947 0.043571 0.031579
25 0.358571 0.217105 0.034286 0.032105
3 0.400000 0.215789 0.041429 0.031579
34 0.443929 0.214211 0.037857 0.031579
29 0.476786 0.213421 0.022143 0.032105
16 0.509286 0.212632 0.041429 0.031579
36 0.555714 0.212632 0.040000 0.031579
17 0.592857 0.212632 0.025714 0.031579
7 0.630000 0.213421 0.038571 0.032105
1 0.673929 0.213947 0.039286 0.032105
14 0.716071 0.215263 0.035000 0.031579
11 0.755357 0.217105 0.036429 0.032105
0 0.796429 0.218421 0.037143 0.031579
10 0.183214 0.275263 0.043571 0.032632
32 0.228571 0.272632 0.037143 0.031579
28 0.268571 0.270789 0.038571 0.032105
23 0.313929 0.268158 0.043571 0.032105
5 0.359643 0.265789 0.045000 0.031579
30 0.402500 0.264474 0.037857 0.032105
13 0.447143 0.262895 0.047143 0.032105
24 0.494286 0.262105 0.038571 0.031579
25 0.535357 0.261842 0.037857 0.032105
26 0.581071 0.261579 0.043571 0.031579
23 0.624643 0.262368 0.042143 0.032105
7 0.666786 0.262632 0.033571 0.031579
37 0.705357 0.264211 0.042143 0.031579
28 0.756071 0.265526 0.046429 0.031053
29 0.792500 0.268421 0.019286 0.031579
26 0.181786 0.321053 0.037857 0.031579
29 0.213214 0.319211 0.016429 0.032105
14 0.240714 0.317632 0.034286 0.032105
18 0.282857 0.315526 0.042857 0.031053
19 0.323571 0.313947 0.031429 0.032105
8 0.352143 0.312632 0.020000 0.031579
25 0.386429 0.310789 0.038571 0.032105
0 0.425714 0.309737 0.034286 0.032105
7 0.468929 0.308947 0.045000 0.031579
21 0.512857 0.308421 0.038571 0.031579
19 0.548929 0.308158 0.029286 0.032105
21 0.585357 0.308158 0.040714 0.032105
3 0.627143 0.308684 0.041429 0.032105
2 0.670357 0.308947 0.042143 0.031579
21 0.718214 0.310526 0.043571 0.031579
2 0.770000 0.312368 0.052857 0.032105
11 0.819286 0.315263 0.035714 0.031579
11 0.177143 0.368947 0.028571 0.031579
32 0.217857 0.367368 0.050000 0.031579
32 0.265000 0.365000 0.037143 0.032105
3 0.316071 0.361842 0.053571 0.031053
5 0.367500 0.359474 0.037857 0.031579
14 0.405000 0.358684 0.032857 0.032105
4 0.441429 0.357368 0.037143 0.032632
9 0.482500 0.356579 0.037857 0.032105
22 0.523929 0.356053 0.039286 0.031053
2 0.567500 0.355789 0.037857 0.031579
2 0.616429 0.355526 0.054286 0.032105
28 0.668571 0.356842 0.041429 0.031579
15 0.706071 0.358158 0.032143 0.032105
5 0.745714 0.359474 0.044286 0.031579
13 0.790000 0.361053 0.038571 0.031579
34 0.188571 0.415526 0.042857 0.032105
0 0.227857 0.413158 0.030000 0.032632
35 0.270714 0.411316 0.045714 0.032105
31 0.317857 0.409211 0.041429 0.032105
23 0.357500 0.407105 0.035000 0.032105
23 0.398214 0.405789 0.036429 0.031579
34 0.440714 0.404474 0.040000 0.032105
35 0.484286 0.403421 0.042857 0.032105
23 0.534643 0.402895 0.046429 0.031053
29 0.567143 0.402632 0.015714 0.031579
23 0.595000 0.402632 0.037143 0.032632
7 0.637500 0.403158 0.040714 0.032632
30 0.680000 0.404211 0.035714 0.031579
28 0.723571 0.405000 0.047143 0.031053
16 0.771429 0.406842 0.042857 0.031579
19 0.808571 0.409474 0.028571 0.031579
21 0.185357 0.466579 0.043571 0.032105
27 0.231429 0.464474 0.042857 0.032105
31 0.281429 0.462368 0.045714 0.032105
1 0.325714 0.460000 0.037143 0.031579
19 0.366786 0.458421 0.037857 0.031579
27 0.408571 0.456842 0.040000 0.032632
1 0.453929 0.455263 0.042143 0.031579
6 0.497500 0.454737 0.040714 0.031579
20 0.544286 0.453947 0.044286 0.032105
26 0.590357 0.453947 0.042143 0.032105
6 0.638571 0.453947 0.045714 0.032105
9 0.685357 0.455789 0.036429 0.031579
35 0.730714 0.456842 0.045714 0.031579
18 0.775000 0.458684 0.040000 0.032105
8 0.808214 0.460263 0.019286 0.032105
4 0.174643 0.515526 0.039286 0.032105
5 0.221071 0.512895 0.046429 0.031053
0 0.262500 0.511316 0.033571 0.032105
30 0.302857 0.509211 0.035714 0.032105
10 0.345000 0.507105 0.041429 0.032105
9 0.387500 0.506053 0.037857 0.032105
31 0.433214 0.504211 0.052143 0.031579
17 0.483571 0.502895 0.040000 0.032105
12 0.528571 0.502105 0.047143 0.031579
17 0.574286 0.502105 0.040000 0.031579
34 0.616071 0.502105 0.040714 0.031579
13 0.663571 0.502632 0.045714 0.031579
37 0.711786 0.504737 0.043571 0.031579
11 0.755357 0.506316 0.033571 0.032632
26 0.795357 0.507368 0.042143 0.031579
18 0.187857 0.562105 0.040000 0.031579
12 0.230714 0.560263 0.040000 0.032105
28 0.271786 0.558684 0.039286 0.032105
4 0.315357 0.556053 0.037857 0.032105
6 0.358929 0.554211 0.043571 0.031579
30 0.400714 0.552895 0.037143 0.031053
0 0.440000 0.551842 0.038571 0.032105
14 0.478929 0.550789 0.036429 0.032105
28 0.518571 0.550000 0.037143 0.032632
26 0.561786 0.549737 0.045000 0.032105
30 0.608929 0.549737 0.040714 0.032105
25 0.651071 0.550000 0.040714 0.031579
7 0.693214 0.551316 0.033571 0.031053
27 0.731071 0.552368 0.039286 0.032105
0 0.771786 0.553947 0.039286 0.031053
31 0.815000 0.555789 0.045714 0.031579
28 0.173929 0.606842 0.039286 0.031579
9 0.217857 0.604211 0.037143 0.031579
35 0.261429 0.602895 0.040000 0.031053
7 0.300357 0.600789 0.035000 0.032105
10 0.341071 0.598421 0.039286 0.031579
30 0.382857 0.597368 0.038571 0.031579
21 0.426429 0.595789 0.047143 0.031579
27 0.468929 0.594737 0.035000 0.031579
25 0.509286 0.594474 0.041429 0.032105
21 0.556786 0.593421 0.043571 0.031053
16 0.599286 0.593421 0.037143 0.032105
25 0.639286 0.593947 0.038571 0.031053
10 0.680714 0.595263 0.041429 0.031579
20 0.727857 0.596316 0.041429 0.031579
15 0.764286 0.597895 0.028571 0.031579
8 0.790357 0.599211 0.017857 0.031053
4 0.818929 0.600789 0.033571 0.031053
0 0.177857 0.654737 0.042857 0.031579
11 0.219286 0.652632 0.031429 0.031579
15 0.251429 0.651053 0.027143 0.031579
26 0.292143 0.649737 0.042857 0.031053
8 0.329286 0.647632 0.022857 0.032105
6 0.362143 0.646579 0.041429 0.032105
25 0.403929 0.644737 0.032143 0.031579
35 0.443571 0.644211 0.042857 0.031579
18 0.487143 0.642895 0.038571 0.032105
12 0.536071 0.642105 0.056429 0.031579
6 0.586786 0.641842 0.040714 0.031053
27 0.630000 0.642368 0.040000 0.031053
9 0.672143 0.642895 0.038571 0.032105
23 0.714286 0.644211 0.040000 0.031579
32 0.755357 0.646053 0.039286 0.032105
10 0.797500 0.647632 0.042143 0.031053
18 0.185714 0.700526 0.042857 0.031579
2 0.234286 0.697632 0.042857 0.031053
10 0.273929 0.695526 0.035000 0.031053
31 0.317143 0.693947 0.044286 0.031053
24 0.365714 0.691842 0.045714 0.032105
21 0.413929 0.690000 0.040714 0.031579
23 0.454286 0.689474 0.034286 0.031579
4 0.508214 0.688947 0.062143 0.031579
19 0.560357 0.687895 0.033571 0.031579
11 0.598214 0.687895 0.037857 0.031579
24 0.646786 0.688421 0.050714 0.031579
18 0.697857 0.689474 0.041429 0.031579
2 0.744643 0.691053 0.042143 0.031579
16 0.786071 0.692895 0.036429 0.032105
13 0.188214 0.745000 0.042143 0.031053
34 0.233214 0.743158 0.042143 0.031579
31 0.272500 0.741053 0.035000 0.031579
31 0.312500 0.740000 0.043571 0.030526
10 0.358214 0.737368 0.043571 0.031579
2 0.407143 0.736316 0.042857 0.031579
14 0.449643 0.734737 0.036429 0.031579
3 0.494286 0.733947 0.042857 0.031053
13 0.541429 0.733421 0.044286 0.031053
27 0.591071 0.733421 0.046429 0.031053
28 0.638929 0.733421 0.045000 0.031053
5 0.686786 0.735000 0.047857 0.031053
21 0.730357 0.736053 0.032143 0.031053
8 0.757857 0.737368 0.018571 0.031579
15 0.786429 0.738158 0.031429 0.031053
13 0.186071 0.795526 0.040714 0.031053
8 0.220357 0.793158 0.016429 0.031579
2 0.253929 0.792105 0.040714 0.031579
8 0.287500 0.790263 0.019286 0.031053
35 0.320357 0.788947 0.037857 0.030526
20 0.365357 0.787632 0.042143 0.032105
22 0.406786 0.786053 0.037857 0.031053
20 0.440000 0.784737 0.027143 0.031579
20 0.473571 0.784211 0.032857 0.031579
30 0.510357 0.783684 0.037857 0.031579
8 0.544286 0.783158 0.020000 0.031579
35 0.580357 0.783158 0.045000 0.031579
7 0.621429 0.783158 0.034286 0.031579
30 0.664643 0.783684 0.042143 0.031579
11 0.703929 0.785000 0.030714 0.031053
8 0.731071 0.786053 0.019286 0.031053
28 0.762857 0.787368 0.037143 0.031579
4 0.801786 0.788947 0.032143 0.030526
