5 0.130000 0.134737 0.045714 0.033684
31 0.173214 0.131842 0.035000 0.032105
33 0.215714 0.130263 0.044286 0.033158
7 0.265000 0.128421 0.041429 0.032632
14 0.308929 0.127105 0.036429 0.033158
36 0.355357 0.126842 0.050714 0.032632
30 0.405357 0.126316 0.040714 0.032632
3 0.452500 0.127105 0.045000 0.033158
3 0.500357 0.128684 0.047857 0.033158
1 0.553214 0.130263 0.050714 0.032105
4 0.600000 0.131842 0.038571 0.032105
13 0.649643 0.133947 0.049286 0.033158
34 0.700714 0.136579 0.044286 0.033158
3 0.747857 0.138158 0.040000 0.033158
31 0.793929 0.138947 0.046429 0.032632
14 0.842500 0.141053 0.037857 0.032632
37 0.128571 0.185526 0.038571 0.033158
2 0.173214 0.183158 0.040714 0.032632
7 0.213571 0.181053 0.037143 0.032632
36 0.258214 0.178947 0.047857 0.032632
27 0.307143 0.177895 0.042857 0.032632
31 0.352143 0.177368 0.044286 0.032632
4 0.394286 0.176842 0.037143 0.032632
5 0.439643 0.177632 0.045000 0.033158
35 0.488929 0.178684 0.040714 0.032105
5 0.535357 0.180789 0.049286 0.032105
26 0.585714 0.182895 0.047143 0.033158
14 0.632500 0.184474 0.036429 0.033158
17 0.671071 0.186053 0.036429 0.033158
1 0.713214 0.187895 0.040714 0.032632
30 0.756429 0.189211 0.041429 0.033158
34 0.800714 0.190263 0.041429 0.032105
20 0.848929 0.191579 0.050714 0.032632
32 0.132500 0.231842 0.039286 0.033158
24 0.178929 0.229737 0.045000 0.033158
17 0.224286 0.226842 0.038571 0.032632
8 0.257500 0.225526 0.019286 0.033158
37 0.295714 0.224211 0.045714 0.032632
14 0.340714 0.223684 0.040000 0.032632
35 0.387500 0.223421 0.045000 0.033158
25 0.434286 0.223947 0.042857 0.033158
14 0.477143 0.225000 0.035714 0.033158
11 0.515000 0.226842 0.027143 0.033684
32 0.555357 0.228421 0.040714 0.032632
9 0.601429 0.229737 0.038571 0.032105
3 0.647500 0.231842 0.046429 0.032105
36 0.698929 0.234211 0.046429 0.032632
12 0.748929 0.235789 0.047857 0.032632
30 0.797857 0.237105 0.037143 0.033158
14 0.838929 0.240526 0.040714 0.027368
30 0.133214 0.281316 0.040714 0.032105
13 0.182857 0.278684 0.054286 0.033158
28 0.234286 0.275526 0.040000 0.033158
6 0.283571 0.274211 0.047143 0.032632
1 0.334286 0.272632 0.042857 0.032632
27 0.383214 0.273158 0.045000 0.032632
12 0.435000 0.274211 0.047143 0.032632
27 0.486429 0.275000 0.044286 0.033158
20 0.535000 0.277105 0.044286 0.032105
6 0.583929 0.278421 0.049286 0.032632
6 0.633214 0.280526 0.045000 0.031579
14 0.682500 0.282368 0.045000 0.033158
19 0.724643 0.284737 0.032143 0.032632
24 0.766071 0.285789 0.040714 0.032632
13 0.817143 0.287105 0.048571 0.033158
11 0.862500 0.288421 0.035000 0.032632
18 0.130357 0.334737 0.050714 0.033684
27 0.181429 0.331053 0.042857 0.032632
35 0.228571 0.328421 0.040000 0.032632
0 0.271071 0.326842 0.040714 0.032632
32 0.318571 0.326053 0.041429 0.033158
32 0.359286 0.325789 0.037143 0.033684
3 0.401429 0.326053 0.041429 0.032105
15 0.445714 0.326579 0.035714 0.033158
26 0.493214 0.328684 0.047857 0.032105
18 0.545357 0.330263 0.046429 0.033158
30 0.595714 0.332368 0.041429 0.032105
18 0.638571 0.334474 0.041429 0.033158
32 0.685357 0.336316 0.039286 0.032632
34 0.724643 0.337632 0.030714 0.033158
18 0.768571 0.339211 0.044286 0.033158
0 0.811071 0.340000 0.035000 0.032632
0 0.848929 0.341579 0.037857 0.032632
13 0.120357 0.381053 0.043571 0.032632
25 0.163571 0.378684 0.038571 0.032105
24 0.211429 0.376316 0.047143 0.032632
35 0.262857 0.374737 0.041429 0.032632
8 0.300357 0.372895 0.022143 0.032105
27 0.336071 0.372632 0.039286 0.032632
5 0.383929 0.372368 0.046429 0.033158
3 0.432143 0.373684 0.041429 0.032632
16 0.476429 0.374737 0.040000 0.032632
34 0.525000 0.376316 0.044286 0.032632
19 0.572857 0.377895 0.040000 0.032632
3 0.615000 0.379737 0.038571 0.032105
30 0.656071 0.381579 0.039286 0.032632
16 0.698571 0.383421 0.038571 0.032105
4 0.739286 0.384737 0.038571 0.032632
8 0.769643 0.386053 0.019286 0.033158
26 0.810000 0.386579 0.048571 0.033158
5 0.861786 0.387368 0.047857 0.032632
35 0.123214 0.432105 0.043571 0.032632
22 0.170357 0.429211 0.045000 0.033158
21 0.223214 0.426316 0.047857 0.032632
12 0.276429 0.424474 0.045714 0.033158
27 0.325357 0.423158 0.042143 0.032632
13 0.383929 0.422895 0.066429 0.033158
8 0.432500 0.423947 0.026429 0.032105
37 0.468929 0.424211 0.039286 0.032632
5 0.515000 0.426579 0.047143 0.033158
30 0.562143 0.427895 0.040000 0.032632
33 0.606071 0.430000 0.039286 0.032632
36 0.648929 0.431579 0.039286 0.032632
22 0.695714 0.433684 0.050000 0.031579
25 0.744643 0.435263 0.039286 0.032632
21 0.793571 0.436579 0.045714 0.032105
19 0.841429 0.437895 0.045714 0.032632
22 0.129286 0.482895 0.047143 0.033158
11 0.176786 0.480000 0.035000 0.032632
24 0.224286 0.477895 0.048571 0.033684
15 0.266071 0.475789 0.032143 0.032632
23 0.306786 0.475263 0.036429 0.032632
8 0.338929 0.474737 0.020714 0.032632
19 0.368571 0.474211 0.032857 0.032632
0 0.402857 0.475000 0.032857 0.032105
17 0.442857 0.475526 0.038571 0.033158
4 0.481429 0.476842 0.032857 0.032632
13 0.536071 0.478684 0.065000 0.032105
28 0.592500 0.481053 0.043571 0.032632
24 0.647857 0.483158 0.054286 0.032632
32 0.699643 0.484737 0.037857 0.032632
1 0.745714 0.486842 0.044286 0.032632
18 0.796071 0.487895 0.045000 0.032632
36 0.846429 0.488947 0.052857 0.032632
13 0.135714 0.531842 0.050000 0.033158
28 0.185714 0.529474 0.037143 0.032632
8 0.215000 0.527368 0.017143 0.032632
15 0.247857 0.526842 0.037143 0.032632
18 0.297143 0.525263 0.052857 0.032632
21 0.347143 0.524737 0.044286 0.032632
15 0.388929 0.524474 0.032143 0.033158
29 0.418929 0.525263 0.023571 0.032632
34 0.458929 0.525789 0.046429 0.032632
5 0.510357 0.526579 0.046429 0.032105
26 0.562857 0.528684 0.044286 0.033158
3 0.608214 0.530789 0.042143 0.033158
1 0.649643 0.532105 0.037857 0.032632
9 0.698214 0.533947 0.055000 0.033158
30 0.753571 0.536053 0.042857 0.032105
11 0.793571 0.537368 0.032857 0.032632
14 0.833929 0.538421 0.040714 0.032632
36 0.876071 0.539474 0.036429 0.032632
7 0.118929 0.578947 0.035000 0.032632
23 0.158929 0.576316 0.037857 0.031579
34 0.202857 0.574737 0.044286 0.032632
27 0.252143 0.572632 0.041429 0.032632
17 0.298571 0.571316 0.045714 0.032105
35 0.350000 0.570000 0.051429 0.032632
9 0.408929 0.570789 0.056429 0.033158
25 0.459643 0.571316 0.040714 0.032105
1 0.507857 0.572368 0.042857 0.032105
18 0.552857 0.574737 0.044286 0.032632
37 0.600357 0.576053 0.045000 0.033158
19 0.646429 0.577895 0.035714 0.032632
24 0.690714 0.580000 0.048571 0.032632
31 0.739643 0.581842 0.040714 0.033158
26 0.783571 0.582632 0.044286 0.032632
18 0.836429 0.584211 0.050000 0.032632
32 0.120714 0.628947 0.040000 0.032632
19 0.165000 0.626579 0.037143 0.033158
27 0.203929 0.624737 0.037857 0.032632
7 0.247143 0.622632 0.044286 0.032632
36 0.295357 0.621316 0.049286 0.032105
4 0.343214 0.620263 0.037857 0.032105
13 0.391429 0.620526 0.050000 0.032632
30 0.440357 0.621053 0.037857 0.032632
33 0.485000 0.622105 0.041429 0.032632
5 0.533214 0.623684 0.045000 0.032632
17 0.576429 0.625263 0.028571 0.032632
25 0.613571 0.626579 0.040000 0.032105
25 0.660000 0.628421 0.041429 0.032632
11 0.695357 0.630000 0.023571 0.032632
29 0.722143 0.630789 0.021429 0.032105
15 0.754643 0.631842 0.030714 0.033158
19 0.793214 0.632632 0.035000 0.031579
14 0.835714 0.634211 0.037143 0.032632
4 0.132143 0.680789 0.037143 0.033158
34 0.174643 0.678421 0.045000 0.031579
12 0.226071 0.676316 0.046429 0.032632
7 0.274643 0.674474 0.039286 0.032105
0 0.312857 0.673684 0.034286 0.032632
37 0.358571 0.672895 0.044286 0.032105
30 0.403929 0.673158 0.036429 0.032632
21 0.447143 0.673421 0.040000 0.032105
25 0.492857 0.675000 0.045714 0.032105
37 0.540714 0.676053 0.042857 0.033158
31 0.587500 0.677895 0.045000 0.032632
22 0.637857 0.679737 0.042857 0.032105
33 0.682500 0.681579 0.040714 0.032632
33 0.726786 0.683158 0.036429 0.032632
35 0.769286 0.684737 0.041429 0.032632
15 0.813214 0.685789 0.033571 0.032632
31 0.854286 0.686579 0.041429 0.032105
11 0.128929 0.726842 0.030714 0.032632
29 0.160000 0.724474 0.018571 0.033158
32 0.204286 0.723158 0.060000 0.032632
35 0.260357 0.720526 0.043571 0.032632
9 0.307500 0.718684 0.039286 0.032105
34 0.354643 0.718421 0.043571 0.032632
13 0.403571 0.718421 0.044286 0.032632
15 0.449643 0.719474 0.036429 0.032632
19 0.489286 0.719474 0.034286 0.032632
3 0.535000 0.721053 0.044286 0.032632
17 0.580714 0.722895 0.037143 0.033158
3 0.621786 0.724737 0.039286 0.032632
0 0.662857 0.726579 0.037143 0.032105
30 0.702143 0.727632 0.038571 0.033158
15 0.741786 0.729474 0.035000 0.032632
23 0.789643 0.730526 0.047857 0.032632
33 0.839643 0.731842 0.037857 0.032105
9 0.131786 0.777632 0.042143 0.032105
35 0.180357 0.775526 0.050714 0.033158
18 0.232143 0.772632 0.042857 0.032632
22 0.281071 0.771053 0.046429 0.032632
31 0.333929 0.769737 0.052143 0.032105
34 0.390714 0.770000 0.054286 0.032632
36 0.446071 0.769737 0.047857 0.032105
25 0.498214 0.771316 0.046429 0.032105
4 0.548929 0.772632 0.047857 0.031579
0 0.592143 0.774211 0.035714 0.032632
17 0.633571 0.776053 0.037143 0.033158
26 0.681429 0.777632 0.050000 0.033158
23 0.728214 0.780263 0.035000 0.033158
2 0.773571 0.781579 0.047143 0.032632
23 0.827857 0.782632 0.051429 0.032632
35 0.134643 0.829211 0.045000 0.032105
33 0.182143 0.826579 0.040000 0.032105
10 0.223929 0.824211 0.040714 0.031579
16 0.271786 0.823421 0.046429 0.032105
22 0.317500 0.822105 0.039286 0.032632
8 0.356429 0.820526 0.025714 0.031579
5 0.399286 0.821053 0.050000 0.032632
30 0.446429 0.821316 0.040000 0.032105
22 0.491071 0.822632 0.046429 0.032632
2 0.537500 0.824211 0.042143 0.032632
0 0.576786 0.825263 0.032143 0.032632
12 0.620357 0.827105 0.049286 0.033158
30 0.670714 0.828421 0.047143 0.032632
1 0.719286 0.830526 0.044286 0.032632
4 0.763929 0.832105 0.039286 0.032632
4 0.806786 0.833421 0.033571 0.032105
27 0.848929 0.834474 0.042143 0.032105
