28 0.185357 0.180263 0.047857 0.031053
5 0.235357 0.180000 0.045000 0.031579
28 0.278929 0.179737 0.032143 0.031053
2 0.321429 0.179474 0.042857 0.031579
1 0.364643 0.178947 0.039286 0.031579
21 0.408214 0.177632 0.043571 0.031053
24 0.455357 0.176316 0.045000 0.031579
6 0.501429 0.175000 0.041429 0.031053
34 0.547500 0.173421 0.042143 0.031053
10 0.589286 0.172105 0.034286 0.030526
33 0.630000 0.171579 0.038571 0.031579
27 0.670357 0.171842 0.039286 0.031053
35 0.715357 0.171842 0.039286 0.031053
29 0.749286 0.173684 0.025714 0.031579
11 0.776786 0.174474 0.026429 0.031053
20 0.187500 0.226053 0.040714 0.031053
19 0.223929 0.225263 0.029286 0.031579
27 0.261429 0.225000 0.037143 0.031053
25 0.303571 0.224737 0.038571 0.031579
33 0.346429 0.223947 0.038571 0.031053
22 0.392143 0.223158 0.042857 0.031579
37 0.436786 0.221053 0.042143 0.031579
26 0.484286 0.219474 0.042857 0.031579
6 0.530000 0.218158 0.044286 0.031053
34 0.574286 0.216842 0.041429 0.030526
7 0.616071 0.216053 0.036429 0.031053
10 0.656786 0.215526 0.037857 0.031053
8 0.692500 0.216316 0.022143 0.030526
25 0.725357 0.217105 0.036429 0.031053
14 0.764286 0.218158 0.034286 0.031053
33 0.802500 0.220263 0.037857 0.031053
21 0.176071 0.275526 0.032143 0.031053
32 0.216429 0.274737 0.037143 0.031579
35 0.258214 0.274211 0.042143 0.031579
29 0.291429 0.273947 0.020000 0.031053
30 0.323571 0.273421 0.035714 0.031053
17 0.358571 0.272368 0.027143 0.031053
12 0.396429 0.271579 0.044286 0.031579
29 0.432143 0.270000 0.021429 0.031579
22 0.464643 0.268947 0.037857 0.031579
4 0.501071 0.267368 0.030714 0.031579
33 0.536786 0.266053 0.037857 0.031053
4 0.581071 0.264474 0.045000 0.031053
24 0.628929 0.263947 0.043571 0.031053
1 0.670357 0.263947 0.037857 0.031053
2 0.714643 0.265000 0.043571 0.031053
24 0.764286 0.266842 0.045714 0.031579
24 0.815357 0.269737 0.049286 0.031053
25 0.185000 0.319737 0.038571 0.031053
19 0.224643 0.319474 0.029286 0.031579
11 0.260357 0.318947 0.032143 0.031579
31 0.298571 0.317895 0.041429 0.031579
21 0.341786 0.317105 0.042143 0.031053
17 0.385714 0.315789 0.041429 0.030526
33 0.430000 0.313947 0.038571 0.032105
26 0.478214 0.312632 0.047857 0.030526
23 0.523929 0.309474 0.035000 0.030526
8 0.558929 0.308684 0.023571 0.031053
12 0.594643 0.307105 0.045000 0.031053
14 0.637857 0.307368 0.034286 0.030526
35 0.678214 0.307632 0.039286 0.031053
31 0.721071 0.308684 0.037857 0.031053
10 0.763929 0.310789 0.042143 0.031053
34 0.806786 0.313421 0.033571 0.031053
22 0.173929 0.369474 0.042143 0.031579
4 0.215357 0.369211 0.037857 0.031053
31 0.265357 0.368421 0.049286 0.031579
26 0.313571 0.367368 0.045714 0.031579
11 0.356071 0.366053 0.030714 0.031053
27 0.393571 0.365000 0.038571 0.032105
25 0.432857 0.362895 0.035714 0.031053
8 0.466429 0.361316 0.022857 0.031053
19 0.495000 0.360263 0.030000 0.031053
25 0.533214 0.358421 0.036429 0.031579
6 0.578214 0.357368 0.043571 0.031579
18 0.624286 0.356053 0.041429 0.031053
36 0.672500 0.356316 0.046429 0.031579
18 0.722143 0.357632 0.044286 0.031053
9 0.762857 0.360263 0.035714 0.032105
20 0.803929 0.362895 0.036429 0.030000
36 0.186786 0.412368 0.043571 0.031053
16 0.234286 0.411842 0.041429 0.031053
19 0.279286 0.411316 0.037143 0.031053
1 0.321071 0.410000 0.042143 0.031579
3 0.368929 0.408421 0.049286 0.031579
36 0.418929 0.406579 0.043571 0.031053
23 0.462857 0.404211 0.040000 0.030526
8 0.495000 0.402895 0.018571 0.031053
2 0.527857 0.401053 0.040000 0.031579
26 0.573929 0.400263 0.042143 0.031053
31 0.615714 0.398684 0.035714 0.031053
28 0.658214 0.399211 0.045000 0.031053
27 0.705000 0.400526 0.037143 0.031579
3 0.748571 0.402632 0.038571 0.031579
21 0.793571 0.405263 0.040000 0.031579
28 0.175000 0.463421 0.037143 0.031053
34 0.217500 0.462895 0.043571 0.032105
4 0.258571 0.462368 0.035714 0.031053
12 0.303214 0.461316 0.043571 0.031053
19 0.345357 0.460000 0.029286 0.031579
12 0.386429 0.458947 0.045714 0.031579
0 0.430714 0.456842 0.032857 0.031579
32 0.465357 0.455263 0.032143 0.031579
10 0.506429 0.453421 0.045714 0.031053
26 0.553571 0.451316 0.044286 0.032105
36 0.599286 0.450263 0.041429 0.031053
21 0.649286 0.450263 0.057143 0.032105
11 0.694286 0.451316 0.028571 0.032105
29 0.721071 0.452632 0.020714 0.030526
32 0.757143 0.453947 0.040000 0.032105
19 0.793571 0.456316 0.031429 0.031579
37 0.176429 0.510263 0.041429 0.031053
12 0.220357 0.509474 0.036429 0.031579
24 0.266071 0.508684 0.045000 0.031053
24 0.313929 0.507895 0.045000 0.031579
10 0.359286 0.506053 0.038571 0.032105
18 0.398214 0.504737 0.037857 0.031579
10 0.437857 0.502895 0.037143 0.031053
29 0.467857 0.501316 0.015714 0.032105
27 0.500000 0.500526 0.037143 0.031579
33 0.541786 0.498684 0.040714 0.032105
32 0.592143 0.497105 0.051429 0.031053
31 0.643214 0.497368 0.042143 0.031579
29 0.672143 0.498421 0.011429 0.031579
34 0.700357 0.498947 0.039286 0.031579
15 0.738571 0.500263 0.030000 0.031053
23 0.777857 0.502368 0.041429 0.032105
27 0.178929 0.556316 0.039286 0.031579
2 0.221071 0.555789 0.040714 0.031579
31 0.264286 0.555263 0.041429 0.031579
33 0.307857 0.554474 0.035714 0.031053
22 0.353571 0.553421 0.047143 0.032105
6 0.398929 0.551579 0.042143 0.031579
19 0.436429 0.549737 0.030000 0.032105
32 0.470357 0.548947 0.035000 0.031579
21 0.516071 0.547105 0.046429 0.032105
19 0.557143 0.545526 0.030000 0.032105
4 0.591071 0.545263 0.032143 0.032632
10 0.630714 0.545263 0.037143 0.031579
7 0.669643 0.545263 0.036429 0.031579
21 0.712143 0.546579 0.041429 0.032105
26 0.757500 0.548421 0.046429 0.031579
23 0.804643 0.551053 0.042143 0.032632
17 0.175000 0.600000 0.032857 0.031579
31 0.212500 0.600000 0.039286 0.031579
21 0.252857 0.599737 0.032857 0.031053
31 0.291429 0.598947 0.035714 0.031579
9 0.327143 0.598421 0.032857 0.031579
18 0.367143 0.597105 0.041429 0.032105
36 0.411786 0.595789 0.036429 0.031579
28 0.453929 0.594474 0.037857 0.032105
28 0.501786 0.592632 0.053571 0.032632
2 0.554286 0.591053 0.041429 0.031579
13 0.604643 0.590000 0.047857 0.031579
2 0.653571 0.590263 0.041429 0.032105
36 0.704286 0.591579 0.050000 0.031579
36 0.753571 0.593158 0.045714 0.031579
22 0.799286 0.595789 0.042857 0.031579
19 0.176786 0.645263 0.032143 0.030526
14 0.216071 0.645000 0.039286 0.031053
18 0.257500 0.644737 0.037857 0.031579
22 0.302857 0.644211 0.047143 0.031579
12 0.352500 0.642895 0.042143 0.032105
33 0.394286 0.641579 0.034286 0.031579
34 0.433571 0.640526 0.040000 0.031579
20 0.473571 0.639211 0.034286 0.032105
16 0.513214 0.638158 0.039286 0.032105
20 0.552857 0.637105 0.030000 0.032105
8 0.578929 0.636579 0.017857 0.032105
31 0.613571 0.636579 0.042857 0.032105
6 0.658571 0.636579 0.041429 0.032105
37 0.701071 0.637105 0.039286 0.032105
30 0.742857 0.638684 0.034286 0.032105
9 0.780357 0.640789 0.033571 0.032105
37 0.178571 0.694737 0.038571 0.031579
19 0.215000 0.694211 0.028571 0.031579
25 0.251786 0.693947 0.037857 0.031053
11 0.290357 0.693947 0.035000 0.032105
9 0.327857 0.693158 0.037143 0.031579
25 0.367857 0.692105 0.037143 0.031579
3 0.410000 0.691316 0.040000 0.031053
34 0.454643 0.690526 0.045000 0.031579
1 0.499286 0.688947 0.038571 0.031579
21 0.544286 0.687632 0.041429 0.032105
8 0.578571 0.686842 0.024286 0.031579
10 0.611071 0.686842 0.039286 0.031579
23 0.653929 0.686316 0.043571 0.031579
35 0.697143 0.687368 0.040000 0.031579
25 0.738929 0.688684 0.035000 0.031053
32 0.774643 0.689474 0.035000 0.031579
37 0.817500 0.692105 0.043571 0.031579
3 0.177143 0.741842 0.041429 0.031053
12 0.222857 0.741316 0.044286 0.031053
26 0.268214 0.741579 0.043571 0.031579
4 0.311786 0.740789 0.032143 0.031053
17 0.350357 0.740526 0.036429 0.031579
32 0.393571 0.740000 0.041429 0.031579
20 0.437143 0.738421 0.037143 0.032632
35 0.479286 0.737632 0.041429 0.032105
13 0.522143 0.736316 0.040000 0.031579
2 0.569286 0.735263 0.042857 0.031579
4 0.610000 0.735000 0.030000 0.032105
32 0.644643 0.734737 0.035000 0.031579
14 0.685714 0.735000 0.041429 0.032105
0 0.729286 0.735789 0.037143 0.031579
11 0.766786 0.737105 0.032143 0.032105
10 0.806429 0.738947 0.038571 0.031579
4 0.176786 0.787632 0.033571 0.031053
18 0.218929 0.787895 0.043571 0.031579
11 0.256786 0.787368 0.026429 0.031579
24 0.297857 0.787368 0.047143 0.031579
35 0.345714 0.786579 0.041429 0.031053
4 0.383929 0.786316 0.030714 0.031579
23 0.422500 0.785526 0.043571 0.031053
17 0.466071 0.784474 0.032143 0.031053
9 0.500714 0.783421 0.034286 0.032105
2 0.540357 0.782105 0.043571 0.031579
19 0.584286 0.782105 0.034286 0.031579
26 0.627500 0.781316 0.045000 0.032105
13 0.675000 0.781579 0.044286 0.031579
12 0.718929 0.781842 0.039286 0.031053
0 0.757857 0.783421 0.035714 0.031053
19 0.797500 0.784737 0.035000 0.031579
