10 0.180357 0.178684 0.042143 0.032105
9 0.226071 0.177632 0.040714 0.032105
10 0.268571 0.177632 0.041429 0.032105
35 0.310357 0.177895 0.037857 0.031579
13 0.355714 0.178684 0.044286 0.032105
0 0.397857 0.179211 0.034286 0.031053
26 0.440000 0.180263 0.040000 0.032105
28 0.486071 0.180526 0.040714 0.031579
24 0.528929 0.180526 0.042143 0.031579
4 0.573214 0.179737 0.043571 0.032105
37 0.617500 0.178947 0.042143 0.031579
17 0.660357 0.177368 0.032143 0.031579
17 0.697857 0.177105 0.032857 0.031053
20 0.736429 0.176316 0.041429 0.032632
35 0.780000 0.176316 0.041429 0.031579
7 0.821786 0.177632 0.035000 0.032105
35 0.186071 0.223684 0.043571 0.031579
22 0.233214 0.222632 0.046429 0.031579
14 0.278929 0.222368 0.035000 0.031053
35 0.321429 0.222895 0.044286 0.032105
34 0.365714 0.223947 0.042857 0.031053
19 0.407500 0.224737 0.037857 0.031579
34 0.451429 0.225263 0.045714 0.031579
5 0.500357 0.225526 0.047857 0.031053
22 0.548929 0.225263 0.043571 0.031579
17 0.595357 0.224211 0.039286 0.031579
2 0.636786 0.222632 0.039286 0.031579
26 0.681429 0.222105 0.044286 0.031579
25 0.728214 0.221316 0.043571 0.031053
10 0.771429 0.221316 0.038571 0.031053
27 0.808571 0.222368 0.031429 0.031053
35 0.175357 0.272632 0.042143 0.031579
9 0.218571 0.271842 0.040000 0.032105
28 0.264643 0.271579 0.042143 0.031579
12 0.308929 0.271842 0.043571 0.031053
13 0.358214 0.272632 0.047857 0.030526
6 0.406429 0.273684 0.040000 0.031579
19 0.445000 0.274211 0.030000 0.031579
16 0.481071 0.274211 0.039286 0.031579
2 0.525714 0.273947 0.045714 0.032105
13 0.572143 0.273421 0.041429 0.032105
16 0.612500 0.272632 0.037857 0.031579
19 0.651071 0.271579 0.033571 0.031579
1 0.694286 0.270526 0.044286 0.031579
25 0.737143 0.270000 0.037143 0.031579
9 0.775357 0.270263 0.035000 0.031053
18 0.816786 0.271053 0.040714 0.031579
4 0.185000 0.320789 0.035714 0.031053
37 0.228571 0.319474 0.041429 0.031579
25 0.273571 0.319474 0.040000 0.032632
36 0.317143 0.320000 0.044286 0.031579
5 0.365000 0.321053 0.041429 0.031579
30 0.410000 0.321579 0.038571 0.031579
13 0.457500 0.322368 0.049286 0.032105
1 0.505714 0.322368 0.038571 0.032105
17 0.541429 0.322368 0.031429 0.031053
18 0.581786 0.321053 0.043571 0.031579
3 0.630000 0.319737 0.045714 0.031053
20 0.676786 0.319211 0.043571 0.032105
17 0.722500 0.318684 0.040714 0.031053
34 0.766786 0.318158 0.039286 0.032105
25 0.806786 0.318947 0.033571 0.031579
21 0.186429 0.368947 0.042857 0.031579
25 0.235357 0.368158 0.045000 0.032105
1 0.281786 0.367632 0.037857 0.031053
35 0.324286 0.368421 0.037143 0.031579
31 0.364286 0.369211 0.041429 0.032105
9 0.405357 0.369737 0.037857 0.032105
3 0.446071 0.370263 0.037857 0.031053
21 0.488929 0.370789 0.040714 0.031053
23 0.533214 0.370526 0.039286 0.031579
31 0.582500 0.368947 0.050714 0.031579
34 0.633571 0.367895 0.044286 0.031579
17 0.679643 0.366579 0.039286 0.031053
28 0.723929 0.366053 0.047857 0.032105
36 0.770714 0.366053 0.038571 0.031053
32 0.809643 0.367368 0.037857 0.031579
5 0.178929 0.414474 0.045000 0.032105
33 0.226071 0.413684 0.037857 0.031579
23 0.272500 0.413158 0.047857 0.032632
30 0.321429 0.413947 0.041429 0.032105
23 0.365714 0.415000 0.042857 0.032105
10 0.412500 0.415263 0.042143 0.031579
17 0.452500 0.416053 0.035000 0.032105
34 0.495000 0.415789 0.047143 0.031579
24 0.545714 0.415789 0.047143 0.031579
25 0.593929 0.414474 0.037857 0.032105
20 0.637500 0.413158 0.045000 0.031579
23 0.683929 0.412105 0.042143 0.031579
31 0.725714 0.411053 0.037143 0.030526
2 0.767857 0.411316 0.042857 0.032105
21 0.814286 0.412105 0.040000 0.031579
29 0.174286 0.461053 0.020000 0.031579
18 0.210357 0.461053 0.043571 0.031579
4 0.257857 0.461053 0.045714 0.031579
5 0.304643 0.461316 0.043571 0.032105
2 0.351071 0.461579 0.043571 0.031579
0 0.397857 0.462105 0.040000 0.031579
25 0.441071 0.463421 0.035000 0.031053
2 0.482143 0.463158 0.042857 0.031579
23 0.525000 0.462368 0.038571 0.031053
29 0.552143 0.462105 0.012857 0.031579
19 0.577500 0.462105 0.035000 0.031579
30 0.621429 0.460526 0.041429 0.031579
19 0.659286 0.459474 0.032857 0.031579
17 0.696786 0.458684 0.032143 0.031053
33 0.730714 0.458421 0.032857 0.030526
29 0.763571 0.458421 0.022857 0.031579
29 0.787143 0.458684 0.020000 0.031053
19 0.817143 0.459211 0.031429 0.031053
35 0.179643 0.508947 0.037857 0.031579
35 0.220714 0.508421 0.038571 0.031579
12 0.267143 0.508947 0.047143 0.031579
11 0.310714 0.509211 0.031429 0.032105
27 0.350357 0.509474 0.039286 0.031579
3 0.399643 0.510263 0.050714 0.032105
19 0.448571 0.510789 0.040000 0.032105
19 0.487500 0.511053 0.032143 0.031579
15 0.521071 0.510526 0.029286 0.031579
17 0.556071 0.509737 0.035000 0.031053
26 0.595357 0.508947 0.039286 0.031579
23 0.638929 0.507632 0.042143 0.031053
26 0.684643 0.506316 0.036429 0.031579
27 0.723571 0.505263 0.035714 0.031579
9 0.764643 0.505263 0.039286 0.031579
29 0.795714 0.506053 0.020000 0.031053
34 0.185357 0.556316 0.042143 0.031579
19 0.222500 0.555263 0.030714 0.031579
12 0.265357 0.555526 0.045000 0.031053
1 0.310000 0.556053 0.038571 0.032105
20 0.347857 0.556579 0.035714 0.031053
23 0.386429 0.557368 0.038571 0.031579
37 0.430000 0.557368 0.042857 0.031579
16 0.474286 0.557632 0.044286 0.031053
33 0.518571 0.557368 0.034286 0.031579
17 0.555714 0.556579 0.037143 0.031053
7 0.600714 0.555263 0.041429 0.031579
24 0.645000 0.554211 0.044286 0.031579
23 0.690357 0.552895 0.037857 0.031053
6 0.736071 0.552368 0.042143 0.032105
12 0.784643 0.552368 0.046429 0.032105
11 0.179643 0.598421 0.026429 0.031579
24 0.218214 0.598684 0.043571 0.032105
17 0.265000 0.598421 0.038571 0.031579
31 0.308571 0.599211 0.042857 0.032105
29 0.346071 0.599474 0.022143 0.031579
17 0.376786 0.600000 0.030714 0.031579
25 0.414643 0.600526 0.042143 0.031579
32 0.458929 0.600263 0.036429 0.031053
34 0.501071 0.600263 0.042143 0.031053
29 0.535357 0.599474 0.022143 0.031579
34 0.569643 0.599211 0.042143 0.031053
20 0.613929 0.597368 0.033571 0.031579
21 0.655000 0.596842 0.041429 0.031579
12 0.700357 0.595263 0.043571 0.031579
21 0.748571 0.595000 0.041429 0.031053
27 0.787857 0.595263 0.035714 0.031579
18 0.178929 0.647895 0.043571 0.031579
25 0.225000 0.647368 0.040000 0.031579
22 0.271786 0.647895 0.045000 0.030526
28 0.321786 0.648158 0.045000 0.031053
19 0.356786 0.648947 0.017857 0.031579
20 0.391429 0.649211 0.041429 0.031053
37 0.434286 0.650000 0.041429 0.031579
18 0.480357 0.650000 0.045000 0.031579
29 0.515357 0.649211 0.015000 0.031053
14 0.539643 0.649211 0.032143 0.031053
35 0.583571 0.647895 0.045714 0.031579
24 0.630357 0.645789 0.042143 0.031579
35 0.673571 0.645263 0.040000 0.031579
16 0.719643 0.643684 0.046429 0.031579
33 0.762857 0.643684 0.037143 0.031579
30 0.805714 0.644737 0.037143 0.031579
7 0.180000 0.695789 0.042857 0.031579
5 0.229643 0.694737 0.049286 0.031579
5 0.279286 0.695263 0.041429 0.030526
6 0.325357 0.696053 0.043571 0.031053
25 0.368571 0.696842 0.037143 0.031579
32 0.413929 0.697632 0.045000 0.031053
16 0.462143 0.697895 0.040000 0.031579
3 0.507500 0.697368 0.046429 0.030526
20 0.555357 0.696579 0.045000 0.032105
29 0.588929 0.695263 0.017857 0.031579
22 0.624286 0.694737 0.042857 0.031579
1 0.671071 0.693158 0.037857 0.031579
7 0.711429 0.692368 0.040000 0.031053
35 0.755714 0.692105 0.040000 0.031579
13 0.801429 0.692632 0.045714 0.031579
25 0.189286 0.738684 0.044286 0.031053
14 0.234643 0.737632 0.036429 0.031053
34 0.276786 0.738684 0.043571 0.031053
28 0.320714 0.739474 0.034286 0.030526
34 0.361786 0.740000 0.037857 0.031579
37 0.404286 0.740789 0.041429 0.032105
36 0.449286 0.741053 0.041429 0.031579
20 0.498214 0.741053 0.047857 0.031579
30 0.543571 0.740000 0.037143 0.031579
26 0.585714 0.738947 0.042857 0.030526
5 0.632500 0.737632 0.046429 0.031053
24 0.680000 0.736316 0.040000 0.030526
16 0.721786 0.735263 0.039286 0.031579
26 0.766786 0.735263 0.042143 0.031579
22 0.810000 0.736579 0.042857 0.031053
7 0.178571 0.785789 0.035714 0.030526
35 0.218929 0.784474 0.039286 0.031053
26 0.261786 0.785000 0.042143 0.032105
23 0.310714 0.785263 0.045714 0.031579
4 0.351786 0.786579 0.033571 0.031053
8 0.379286 0.787105 0.015714 0.031053
35 0.408929 0.787632 0.039286 0.031053
8 0.444286 0.787895 0.020000 0.031579
20 0.471786 0.787895 0.032143 0.031579
28 0.511786 0.787895 0.043571 0.031579
6 0.556786 0.787105 0.043571 0.031053
17 0.603214 0.785526 0.043571 0.031053
25 0.650357 0.784211 0.046429 0.031579
11 0.691071 0.783158 0.027857 0.030526
13 0.730357 0.782895 0.045000 0.031053
1 0.776071 0.782632 0.036429 0.031579
30 0.817857 0.783684 0.038571 0.031579
