11 0.180000 0.185000 0.025714 0.028947
18 0.213214 0.182368 0.036429 0.028947
10 0.255000 0.179737 0.038571 0.028947
6 0.296429 0.178421 0.040000 0.029474
6 0.336786 0.176053 0.035000 0.028947
2 0.377143 0.174474 0.035714 0.028947
25 0.417500 0.173684 0.037857 0.029474
18 0.460000 0.173421 0.038571 0.028947
8 0.492500 0.173684 0.019286 0.029474
16 0.522143 0.174737 0.038571 0.029474
7 0.565714 0.176053 0.038571 0.028947
34 0.613571 0.177368 0.051429 0.029474
18 0.662143 0.178684 0.041429 0.030000
19 0.701071 0.179737 0.027857 0.028947
3 0.736786 0.181316 0.035000 0.028947
28 0.775357 0.181579 0.037857 0.029474
9 0.816071 0.181842 0.033571 0.028947
12 0.185357 0.229474 0.040714 0.029474
20 0.231071 0.228947 0.049286 0.026316
9 0.279286 0.223684 0.035714 0.028421
24 0.323571 0.222105 0.042857 0.029474
13 0.366071 0.220000 0.040714 0.029474
25 0.404643 0.219211 0.030714 0.028947
9 0.442143 0.218684 0.038571 0.028947
27 0.480000 0.218947 0.034286 0.028421
6 0.518214 0.219474 0.037857 0.028421
23 0.559286 0.221053 0.037143 0.029474
23 0.600000 0.222632 0.038571 0.029474
20 0.643214 0.223421 0.043571 0.028947
14 0.682500 0.225000 0.030714 0.028947
33 0.717500 0.226053 0.035000 0.028947
26 0.758571 0.226316 0.038571 0.029474
13 0.802857 0.227105 0.041429 0.028947
7 0.181429 0.269474 0.032857 0.029474
31 0.217143 0.267368 0.035714 0.028421
23 0.253571 0.265263 0.035714 0.028421
30 0.293214 0.262632 0.036429 0.028421
4 0.331429 0.260789 0.035714 0.028947
28 0.376786 0.259737 0.045000 0.028947
25 0.420357 0.258947 0.037857 0.029474
21 0.463214 0.258684 0.042143 0.028947
29 0.497500 0.259211 0.019286 0.028947
20 0.536071 0.260789 0.047857 0.027895
2 0.579643 0.261316 0.036429 0.028947
4 0.616786 0.262895 0.029286 0.028947
28 0.654643 0.264211 0.037857 0.029474
36 0.697143 0.265526 0.041429 0.028947
1 0.738929 0.266316 0.037857 0.029474
14 0.775357 0.266842 0.030714 0.029474
5 0.813571 0.267105 0.037143 0.028947
23 0.178571 0.315000 0.041429 0.027895
36 0.225714 0.312368 0.044286 0.028947
29 0.263929 0.309737 0.022143 0.028947
17 0.298214 0.308158 0.036429 0.028947
22 0.340714 0.306316 0.044286 0.029474
15 0.379286 0.305263 0.031429 0.028421
2 0.416071 0.304211 0.039286 0.029474
4 0.453571 0.304474 0.027143 0.028947
19 0.485357 0.304737 0.033571 0.028421
18 0.525357 0.305789 0.043571 0.029474
31 0.567500 0.306579 0.036429 0.028947
28 0.610714 0.308158 0.045714 0.028947
30 0.653214 0.309737 0.035000 0.028947
0 0.686071 0.311053 0.029286 0.029474
4 0.719643 0.311579 0.030714 0.029474
3 0.759643 0.312105 0.039286 0.028421
36 0.803571 0.312895 0.040000 0.028947
29 0.162500 0.356053 0.016429 0.028947
15 0.189286 0.355000 0.030000 0.028947
3 0.226429 0.352895 0.040000 0.028947
8 0.260357 0.350263 0.016429 0.027895
34 0.292857 0.348947 0.041429 0.029474
0 0.337500 0.346842 0.037857 0.029474
5 0.381071 0.346053 0.039286 0.028947
6 0.422143 0.345526 0.038571 0.028947
14 0.460714 0.345526 0.037143 0.028947
25 0.501429 0.346579 0.040000 0.028947
36 0.542857 0.347105 0.038571 0.028947
14 0.581071 0.348684 0.033571 0.028947
2 0.620357 0.350263 0.040714 0.028947
14 0.661786 0.351316 0.033571 0.028947
22 0.700000 0.352368 0.040000 0.028947
20 0.744643 0.353947 0.040714 0.028947
21 0.784286 0.354211 0.037143 0.029474
4 0.181071 0.401579 0.036429 0.029474
33 0.220357 0.398947 0.035000 0.028421
35 0.260714 0.397368 0.037143 0.028421
8 0.287857 0.394737 0.014286 0.028421
12 0.318929 0.393947 0.042143 0.028947
4 0.366429 0.392895 0.042857 0.028947
19 0.402857 0.392105 0.025714 0.028421
2 0.440714 0.391842 0.040000 0.028947
9 0.481071 0.392632 0.032143 0.029474
18 0.520714 0.393421 0.040000 0.028947
31 0.560714 0.395000 0.037143 0.028947
18 0.603929 0.396316 0.046429 0.029474
27 0.646429 0.397895 0.035714 0.029474
8 0.681071 0.398947 0.023571 0.029474
21 0.721429 0.400000 0.050000 0.028421
25 0.766071 0.400526 0.035000 0.028421
6 0.808214 0.400789 0.045000 0.028947
32 0.183929 0.443158 0.039286 0.028421
25 0.224286 0.441316 0.040000 0.028947
34 0.266429 0.438684 0.042857 0.028947
20 0.305714 0.436842 0.034286 0.029474
37 0.346429 0.435789 0.041429 0.028421
5 0.392857 0.434737 0.041429 0.029474
29 0.423214 0.434474 0.012143 0.028947
15 0.444643 0.434211 0.022143 0.028421
17 0.475714 0.435000 0.030000 0.028947
24 0.517143 0.435789 0.042857 0.028421
14 0.564286 0.437105 0.040000 0.028947
6 0.610714 0.438684 0.042857 0.028947
31 0.654643 0.440000 0.043571 0.029474
19 0.694643 0.441579 0.029286 0.028421
2 0.732143 0.442368 0.038571 0.028947
4 0.771071 0.442632 0.029286 0.029474
6 0.810357 0.443684 0.040714 0.029474
19 0.179643 0.483421 0.030714 0.028947
13 0.219286 0.481316 0.040000 0.028947
0 0.258929 0.479211 0.033571 0.028947
18 0.298929 0.477632 0.042143 0.028947
33 0.340000 0.476579 0.034286 0.028947
2 0.380000 0.475526 0.040000 0.028947
1 0.420000 0.474737 0.032857 0.029474
9 0.456071 0.475526 0.035000 0.028947
26 0.497143 0.476316 0.038571 0.029474
6 0.540357 0.477105 0.043571 0.028947
28 0.582500 0.478684 0.036429 0.028947
16 0.619643 0.479474 0.033571 0.028421
15 0.658571 0.481053 0.037143 0.029474
22 0.696429 0.482105 0.034286 0.028421
18 0.737500 0.482895 0.040714 0.028947
31 0.785000 0.483947 0.042857 0.028947
16 0.180714 0.528158 0.032857 0.028947
22 0.221429 0.525789 0.044286 0.029474
36 0.265357 0.523947 0.033571 0.028947
7 0.304286 0.521842 0.034286 0.028947
27 0.340357 0.520789 0.036429 0.028947
35 0.380714 0.520000 0.038571 0.029474
7 0.423571 0.519737 0.037143 0.028947
34 0.463571 0.520263 0.038571 0.028947
26 0.507500 0.521053 0.040714 0.028421
18 0.547857 0.522368 0.035714 0.028947
31 0.588929 0.523421 0.042143 0.028947
1 0.628571 0.525000 0.035714 0.028947
24 0.666786 0.526053 0.035000 0.028947
23 0.704643 0.527105 0.036429 0.028947
21 0.743214 0.528158 0.037857 0.028947
26 0.787143 0.528158 0.038571 0.028947
18 0.183571 0.571053 0.044286 0.029474
17 0.225714 0.568421 0.031429 0.028421
35 0.265714 0.566842 0.038571 0.028421
24 0.306429 0.565263 0.038571 0.029474
25 0.350357 0.564211 0.037857 0.029474
10 0.392500 0.562895 0.039286 0.028947
25 0.432857 0.563421 0.035714 0.028947
28 0.471429 0.563947 0.038571 0.028947
18 0.513929 0.564474 0.040714 0.028947
19 0.556786 0.565789 0.032143 0.029474
14 0.590714 0.567105 0.031429 0.028947
6 0.633571 0.568421 0.044286 0.029474
33 0.674643 0.569737 0.035000 0.028947
4 0.711786 0.570789 0.033571 0.028947
34 0.748929 0.571316 0.037857 0.028947
37 0.792857 0.572105 0.041429 0.029474
37 0.173929 0.612895 0.036429 0.027895
13 0.209286 0.610526 0.028571 0.028421
10 0.244286 0.609737 0.032857 0.028947
6 0.286429 0.607895 0.042857 0.028421
15 0.322857 0.606053 0.025714 0.028947
20 0.357500 0.605000 0.035000 0.028947
32 0.400000 0.605263 0.040000 0.029474
14 0.438214 0.605000 0.033571 0.028947
7 0.477500 0.605789 0.035000 0.028421
13 0.520357 0.606053 0.042143 0.028947
26 0.564643 0.607895 0.037857 0.029474
10 0.602143 0.609474 0.034286 0.029474
17 0.641429 0.610526 0.035714 0.029474
0 0.682857 0.611579 0.035714 0.028421
20 0.723214 0.612895 0.042143 0.028947
12 0.763929 0.613158 0.036429 0.029474
2 0.801429 0.613421 0.035714 0.028947
27 0.175357 0.660000 0.037857 0.029474
17 0.212500 0.658684 0.030714 0.028947
11 0.247143 0.656316 0.028571 0.028421
15 0.281071 0.654474 0.035000 0.028947
17 0.318214 0.653947 0.032143 0.028947
13 0.362500 0.652895 0.045000 0.028947
12 0.408571 0.652632 0.044286 0.029474
10 0.448214 0.652895 0.032143 0.028947
24 0.488571 0.653158 0.040000 0.029474
24 0.534286 0.653947 0.050000 0.028947
0 0.575000 0.655526 0.030000 0.028947
29 0.602143 0.656842 0.018571 0.028421
20 0.636429 0.657895 0.041429 0.028421
27 0.674286 0.658684 0.031429 0.028947
18 0.712500 0.659474 0.042143 0.029474
33 0.757143 0.660526 0.037143 0.029474
31 0.793929 0.661053 0.033571 0.028421
22 0.185000 0.698947 0.042857 0.028421
4 0.226429 0.696579 0.035714 0.030000
1 0.269286 0.694737 0.048571 0.029474
3 0.318929 0.692632 0.040714 0.028421
36 0.361071 0.691842 0.035000 0.028947
9 0.397857 0.691579 0.030000 0.029474
15 0.427143 0.691842 0.027143 0.030000
21 0.460714 0.692368 0.032857 0.028947
11 0.494286 0.692368 0.027143 0.030000
35 0.531786 0.693158 0.037857 0.029474
18 0.574286 0.695000 0.038571 0.028947
17 0.614286 0.696579 0.038571 0.028947
21 0.656071 0.697368 0.039286 0.028421
36 0.696071 0.698421 0.037857 0.029474
0 0.735000 0.699474 0.034286 0.029474
28 0.777500 0.699737 0.039286 0.028947
1 0.817500 0.700263 0.035000 0.028947
8 0.168929 0.743947 0.019286 0.028947
10 0.200000 0.742368 0.037143 0.028947
17 0.240000 0.740263 0.040000 0.028947
32 0.285000 0.738421 0.047143 0.029474
14 0.327500 0.736842 0.029286 0.029474
6 0.368214 0.736579 0.040714 0.028947
23 0.411071 0.736053 0.042143 0.028947
3 0.456071 0.736316 0.037857 0.028421
12 0.499286 0.737105 0.042857 0.028947
16 0.541429 0.738158 0.035714 0.028947
25 0.586071 0.740000 0.042143 0.029474
24 0.628571 0.741316 0.040000 0.028947
28 0.665357 0.742632 0.026429 0.029474
31 0.703571 0.742895 0.045714 0.028947
17 0.743214 0.744211 0.027857 0.029474
17 0.775714 0.744474 0.032857 0.028947
10 0.813214 0.744211 0.036429 0.029474
16 0.184643 0.786842 0.035000 0.029474
29 0.213571 0.785263 0.018571 0.029474
22 0.244286 0.783684 0.037143 0.029474
1 0.284643 0.781579 0.036429 0.028421
21 0.321786 0.780526 0.032143 0.029474
5 0.362857 0.779737 0.041429 0.028947
34 0.404286 0.779737 0.038571 0.028947
27 0.448571 0.780263 0.040000 0.028947
28 0.490357 0.780263 0.032143 0.028947
16 0.531429 0.781842 0.041429 0.028947
32 0.572857 0.782895 0.034286 0.030000
36 0.614286 0.784211 0.041429 0.029474
16 0.654286 0.786053 0.032857 0.028947
31 0.698214 0.786842 0.045000 0.029474
11 0.736786 0.787895 0.030714 0.029474
7 0.772500 0.788421 0.032143 0.029474
0 0.809643 0.788158 0.030714 0.028947
