35 0.184643 0.182105 0.033571 0.027368
29 0.213571 0.181053 0.014286 0.027368
18 0.244286 0.179737 0.040000 0.026842
21 0.288214 0.177368 0.036429 0.027368
27 0.327143 0.175789 0.032857 0.027368
20 0.361786 0.174211 0.029286 0.027368
30 0.395357 0.171579 0.033571 0.027368
37 0.434643 0.170263 0.037857 0.026842
21 0.473929 0.168421 0.037857 0.027368
2 0.516786 0.167895 0.036429 0.027368
27 0.552500 0.167895 0.030714 0.027368
1 0.588929 0.168421 0.030714 0.027368
26 0.627500 0.169211 0.037857 0.027895
4 0.666786 0.170789 0.035000 0.026842
29 0.697143 0.173158 0.017143 0.027368
19 0.723929 0.174211 0.025000 0.027368
10 0.756786 0.176579 0.030714 0.026842
0 0.787500 0.178421 0.027857 0.027368
28 0.815714 0.179737 0.025714 0.026842
20 0.176786 0.220263 0.032143 0.026842
24 0.215714 0.219211 0.037143 0.027895
25 0.253214 0.217632 0.035000 0.027895
15 0.287500 0.216316 0.027857 0.027368
22 0.320357 0.214737 0.035000 0.027368
9 0.360357 0.211842 0.036429 0.026842
4 0.392857 0.210263 0.025714 0.026842
13 0.426786 0.208947 0.040714 0.027368
21 0.468214 0.207368 0.036429 0.027368
23 0.508214 0.206316 0.039286 0.027368
31 0.549286 0.206316 0.038571 0.027368
15 0.584643 0.206842 0.026429 0.027368
31 0.616786 0.207632 0.033571 0.027895
13 0.657857 0.208947 0.040000 0.027368
30 0.697857 0.211053 0.034286 0.027368
8 0.728214 0.213421 0.017857 0.027895
14 0.757500 0.214474 0.030714 0.027895
14 0.792500 0.216579 0.029286 0.026842
30 0.181429 0.263158 0.035714 0.027368
19 0.218214 0.261579 0.027857 0.027368
13 0.252500 0.260526 0.036429 0.027368
36 0.293571 0.258421 0.037143 0.027368
33 0.332500 0.256316 0.032143 0.027368
21 0.370714 0.254211 0.032857 0.027368
19 0.405357 0.252632 0.033571 0.027368
22 0.445000 0.250789 0.035714 0.026842
17 0.481071 0.249474 0.033571 0.027368
19 0.512143 0.249211 0.025714 0.026842
36 0.549643 0.248947 0.039286 0.027368
31 0.591786 0.250000 0.035000 0.027368
24 0.634643 0.251316 0.040714 0.026842
0 0.672857 0.252632 0.027143 0.026316
33 0.708214 0.254737 0.033571 0.027368
32 0.746071 0.256842 0.036429 0.027368
22 0.786429 0.259211 0.040000 0.027895
20 0.825357 0.261842 0.027857 0.026842
31 0.169643 0.304211 0.032143 0.027368
32 0.205714 0.303947 0.030000 0.026842
28 0.241786 0.302105 0.040714 0.027368
2 0.282500 0.300000 0.032143 0.027368
13 0.316786 0.298158 0.029286 0.026842
14 0.347500 0.296579 0.027857 0.026842
9 0.384643 0.294737 0.036429 0.027368
5 0.424286 0.292368 0.040000 0.026842
6 0.466071 0.291579 0.042143 0.027368
3 0.510000 0.290526 0.035714 0.027368
28 0.549286 0.290526 0.038571 0.027368
24 0.591786 0.291053 0.037857 0.027368
29 0.624286 0.292105 0.020000 0.026316
8 0.645714 0.292632 0.018571 0.027368
16 0.675000 0.294474 0.032857 0.026842
32 0.711071 0.296579 0.032143 0.027895
20 0.750000 0.298684 0.041429 0.025789
24 0.789643 0.301053 0.035000 0.027368
11 0.821786 0.302632 0.025000 0.027368
31 0.168214 0.342632 0.030714 0.027368
32 0.200714 0.341316 0.027143 0.026842
28 0.233929 0.340263 0.033571 0.027895
11 0.267857 0.338421 0.028571 0.027368
34 0.305000 0.336842 0.035714 0.027368
18 0.343214 0.334737 0.037857 0.027368
11 0.377500 0.332895 0.029286 0.026842
37 0.412143 0.331053 0.032857 0.027368
35 0.449286 0.329737 0.035714 0.027895
29 0.480357 0.328947 0.015000 0.027368
35 0.510357 0.328421 0.039286 0.027368
12 0.550000 0.328421 0.037143 0.027368
2 0.589643 0.329474 0.036429 0.027368
20 0.629643 0.330789 0.039286 0.025789
3 0.673214 0.332368 0.042143 0.027895
2 0.718571 0.334737 0.038571 0.027368
13 0.760714 0.337368 0.041429 0.027368
26 0.805714 0.339737 0.038571 0.026842
23 0.176786 0.386842 0.039286 0.027368
18 0.216786 0.385526 0.036429 0.027895
6 0.255714 0.384737 0.038571 0.027368
16 0.294286 0.382105 0.031429 0.027368
17 0.326429 0.380526 0.030000 0.027368
35 0.365357 0.377895 0.036429 0.027368
5 0.405714 0.376053 0.035714 0.026842
31 0.447857 0.374474 0.040000 0.026842
0 0.485000 0.373158 0.025714 0.027368
7 0.520000 0.373158 0.032857 0.027368
2 0.558929 0.373158 0.037857 0.027368
11 0.601786 0.373684 0.042143 0.027368
19 0.645714 0.375263 0.038571 0.027368
12 0.692143 0.378158 0.044286 0.027895
12 0.738214 0.380526 0.036429 0.027368
14 0.776071 0.382368 0.030714 0.026842
10 0.806786 0.384737 0.029286 0.027368
37 0.172500 0.427895 0.037857 0.027368
30 0.212143 0.426842 0.030000 0.027368
17 0.248929 0.425263 0.032143 0.027368
11 0.281071 0.423421 0.023571 0.026842
28 0.316786 0.421842 0.039286 0.027895
37 0.358929 0.419737 0.037857 0.026842
26 0.398214 0.417632 0.036429 0.026842
9 0.440714 0.415526 0.038571 0.026842
19 0.480714 0.414474 0.031429 0.027895
34 0.517500 0.413947 0.036429 0.026842
20 0.557500 0.413947 0.036429 0.026842
17 0.597143 0.415000 0.031429 0.027895
32 0.632143 0.415789 0.030000 0.027368
19 0.664286 0.417105 0.027143 0.026842
23 0.701071 0.419737 0.037857 0.027895
33 0.739643 0.421842 0.035000 0.027895
32 0.773929 0.423947 0.032143 0.027895
1 0.808214 0.425526 0.029286 0.026842
3 0.174286 0.465526 0.034286 0.026842
31 0.213929 0.464211 0.037857 0.027368
15 0.251071 0.462632 0.030714 0.027368
6 0.285000 0.461053 0.034286 0.027368
6 0.323571 0.459474 0.037143 0.027368
17 0.361429 0.456842 0.035714 0.027368
37 0.406429 0.455263 0.042857 0.027368
37 0.446429 0.452632 0.035714 0.027368
22 0.486071 0.451579 0.035000 0.027368
9 0.519286 0.451053 0.028571 0.027368
32 0.555000 0.451053 0.031429 0.027368
11 0.585000 0.452105 0.020000 0.027368
6 0.616071 0.452632 0.033571 0.027368
1 0.652143 0.454211 0.034286 0.027368
2 0.692143 0.456316 0.034286 0.027368
9 0.731429 0.458421 0.032857 0.027368
6 0.770714 0.460526 0.041429 0.027368
19 0.808214 0.463158 0.027857 0.027368
28 0.176429 0.506316 0.032857 0.027368
5 0.218214 0.505000 0.043571 0.027895
19 0.256429 0.503158 0.028571 0.027368
1 0.289643 0.501579 0.033571 0.027368
17 0.322857 0.499737 0.028571 0.026842
7 0.357143 0.497895 0.032857 0.027368
27 0.392143 0.496316 0.034286 0.027368
6 0.431071 0.494474 0.036429 0.026842
4 0.468214 0.492632 0.027857 0.028421
5 0.503571 0.491842 0.038571 0.027895
31 0.546786 0.492105 0.040714 0.027368
29 0.576786 0.492632 0.016429 0.027368
22 0.607143 0.493158 0.040000 0.027368
33 0.645357 0.494211 0.033571 0.027368
19 0.680357 0.496053 0.029286 0.027895
26 0.715357 0.497895 0.036429 0.028421
31 0.753571 0.500526 0.038571 0.028421
12 0.795000 0.502632 0.040000 0.026316
33 0.183214 0.551579 0.033571 0.027368
24 0.223929 0.550263 0.036429 0.027895
36 0.265714 0.547895 0.037143 0.027368
12 0.306786 0.545789 0.037857 0.027368
27 0.344643 0.543684 0.029286 0.027368
3 0.376429 0.542105 0.030000 0.027368
20 0.410000 0.540526 0.035714 0.028421
2 0.448571 0.538684 0.032857 0.026842
16 0.485714 0.537368 0.034286 0.027368
7 0.521786 0.536842 0.032143 0.027368
35 0.563929 0.536842 0.042143 0.027368
33 0.606071 0.537632 0.033571 0.026842
24 0.643571 0.539211 0.040000 0.026842
6 0.685000 0.541053 0.034286 0.027368
3 0.720714 0.543421 0.034286 0.027895
19 0.757143 0.545789 0.028571 0.027368
0 0.790714 0.547632 0.028571 0.026842
4 0.176429 0.588421 0.032857 0.027368
4 0.217857 0.587105 0.045714 0.027895
18 0.264286 0.585263 0.041429 0.027368
12 0.309643 0.582632 0.040714 0.027368
26 0.352500 0.580000 0.037857 0.027368
31 0.392143 0.577632 0.032857 0.026842
3 0.428571 0.575789 0.035714 0.027368
32 0.464643 0.575000 0.032143 0.026842
11 0.498214 0.573421 0.029286 0.026842
7 0.532857 0.573421 0.032857 0.027895
21 0.570357 0.573421 0.036429 0.026842
6 0.607500 0.574211 0.033571 0.027368
30 0.643929 0.575789 0.035000 0.027368
15 0.681786 0.577632 0.029286 0.027895
27 0.719286 0.580000 0.034286 0.027368
13 0.758571 0.582632 0.037143 0.026316
37 0.796071 0.584737 0.035000 0.027368
5 0.173929 0.631316 0.036429 0.026842
29 0.202500 0.630263 0.015000 0.027895
22 0.231786 0.629474 0.040714 0.027368
15 0.267857 0.627895 0.027143 0.027368
18 0.305714 0.625789 0.038571 0.027368
23 0.342857 0.623684 0.032857 0.027368
10 0.377143 0.621316 0.032857 0.027895
31 0.416429 0.619737 0.040000 0.026842
0 0.455000 0.618158 0.032857 0.027895
33 0.491786 0.616842 0.036429 0.027368
13 0.527857 0.616316 0.032857 0.027368
18 0.562500 0.616316 0.033571 0.027368
14 0.596429 0.616842 0.030000 0.027368
33 0.630357 0.618421 0.033571 0.027368
3 0.664286 0.619737 0.031429 0.027895
21 0.700357 0.621579 0.033571 0.027368
32 0.737143 0.624211 0.031429 0.027368
8 0.766071 0.626316 0.019286 0.027368
10 0.795000 0.627895 0.034286 0.027368
4 0.183214 0.673684 0.030714 0.027368
20 0.218929 0.672632 0.032143 0.028421
25 0.257500 0.670789 0.035000 0.027895
5 0.296786 0.668684 0.037857 0.027895
32 0.334643 0.666842 0.030714 0.027368
1 0.368214 0.665263 0.033571 0.027368
7 0.401786 0.662895 0.030714 0.027895
24 0.440714 0.661316 0.037143 0.027895
9 0.476429 0.660000 0.030000 0.027368
28 0.513571 0.658947 0.035714 0.027368
6 0.550714 0.658947 0.037143 0.027368
20 0.592500 0.660000 0.036429 0.027368
36 0.630714 0.660526 0.034286 0.027368
32 0.666429 0.662105 0.031429 0.027368
26 0.705357 0.664737 0.039286 0.027368
17 0.746786 0.667368 0.033571 0.028421
28 0.782500 0.669474 0.030714 0.027368
14 0.814643 0.671053 0.030714 0.027368
28 0.178214 0.716053 0.040714 0.027895
19 0.215357 0.714474 0.026429 0.027895
36 0.256071 0.713421 0.043571 0.026842
5 0.301429 0.710789 0.037143 0.026842
11 0.336071 0.708947 0.026429 0.027368
9 0.368929 0.706579 0.027857 0.027895
10 0.400357 0.705000 0.032143 0.027895
11 0.430357 0.703421 0.026429 0.026842
16 0.463929 0.702105 0.033571 0.028421
27 0.498929 0.701053 0.033571 0.027368
9 0.532857 0.700526 0.028571 0.027368
25 0.566429 0.701053 0.034286 0.027368
17 0.604643 0.701842 0.032143 0.027895
13 0.643571 0.702895 0.035714 0.026842
3 0.681786 0.705000 0.032143 0.027895
30 0.718571 0.706842 0.034286 0.027368
4 0.755357 0.709737 0.027857 0.027895
23 0.782857 0.711316 0.021429 0.027895
31 0.815714 0.713158 0.034286 0.027368
23 0.170357 0.756579 0.032143 0.027895
6 0.209286 0.755526 0.037143 0.027895
27 0.246786 0.754211 0.032143 0.027368
7 0.284286 0.752105 0.035714 0.028421
36 0.329643 0.749474 0.043571 0.027368
13 0.377857 0.747105 0.044286 0.027895
1 0.420357 0.744474 0.033571 0.027895
28 0.459286 0.742895 0.034286 0.027895
17 0.499643 0.741842 0.036429 0.027895
23 0.538929 0.741053 0.032143 0.027368
4 0.574286 0.741053 0.030000 0.027368
21 0.611429 0.742105 0.038571 0.027368
1 0.646786 0.743158 0.029286 0.027368
30 0.679286 0.745000 0.032857 0.027895
5 0.717857 0.747368 0.035714 0.028421
23 0.760714 0.750000 0.040000 0.028421
10 0.802143 0.753158 0.037143 0.027368
0 0.170000 0.798158 0.031429 0.027895
3 0.208214 0.796842 0.035000 0.027368
5 0.246429 0.795263 0.032857 0.027368
7 0.280714 0.793421 0.030000 0.027895
10 0.318571 0.791579 0.034286 0.027368
12 0.356429 0.789474 0.040000 0.027368
14 0.398214 0.787105 0.032143 0.027895
10 0.436429 0.784737 0.032857 0.027368
4 0.473214 0.783947 0.035000 0.027895
13 0.512500 0.782895 0.039286 0.027895
16 0.551071 0.782895 0.030714 0.027895
8 0.580000 0.782895 0.015714 0.027895
23 0.608929 0.783684 0.032143 0.027368
27 0.643929 0.784737 0.033571 0.027368
34 0.680714 0.786579 0.030000 0.027895
11 0.712143 0.788421 0.027143 0.027368
32 0.744286 0.790263 0.032857 0.027895
22 0.781071 0.793158 0.033571 0.027368
27 0.817143 0.795000 0.031429 0.026842
