8 0.168571 0.172632 0.018571 0.029474
9 0.197143 0.172105 0.032857 0.029474
9 0.234286 0.171053 0.032857 0.029474
7 0.268214 0.171053 0.032143 0.029474
15 0.302143 0.171316 0.028571 0.030000
32 0.343929 0.172105 0.052143 0.029474
22 0.394286 0.173947 0.038571 0.030000
4 0.431786 0.176053 0.030714 0.028947
15 0.466429 0.176579 0.028571 0.028947
7 0.503929 0.176842 0.037857 0.029474
17 0.540714 0.177105 0.030000 0.028947
32 0.574286 0.176842 0.034286 0.029474
19 0.609643 0.176316 0.027857 0.029474
26 0.645357 0.174474 0.039286 0.028947
8 0.678571 0.173421 0.021429 0.028947
33 0.709643 0.172368 0.037857 0.028947
0 0.748214 0.171053 0.030714 0.029474
3 0.785357 0.170263 0.042143 0.028947
24 0.178571 0.213158 0.038571 0.029474
10 0.222143 0.211842 0.037143 0.028947
11 0.257143 0.211316 0.028571 0.030000
29 0.287500 0.212105 0.022143 0.029474
29 0.310714 0.212105 0.020000 0.029474
13 0.346786 0.213421 0.045000 0.028947
24 0.392143 0.215000 0.038571 0.028947
15 0.430357 0.215789 0.029286 0.029474
28 0.465000 0.216579 0.035714 0.028947
29 0.492857 0.217368 0.017143 0.029474
12 0.524643 0.217632 0.040714 0.028947
23 0.567857 0.217105 0.038571 0.028947
12 0.613571 0.216053 0.042857 0.028947
35 0.658214 0.214474 0.037857 0.030000
35 0.698571 0.213158 0.035714 0.029474
22 0.741071 0.211053 0.043571 0.029474
22 0.786429 0.210526 0.041429 0.028421
21 0.175000 0.257105 0.035714 0.027895
11 0.215000 0.256053 0.035714 0.030000
32 0.253214 0.256053 0.030714 0.030000
23 0.288929 0.255789 0.036429 0.029474
17 0.323214 0.256842 0.029286 0.029474
32 0.354286 0.257895 0.030000 0.029474
29 0.385714 0.258947 0.025714 0.028421
16 0.422500 0.259737 0.039286 0.030000
28 0.465000 0.261053 0.038571 0.029474
14 0.506071 0.261579 0.032143 0.029474
5 0.543214 0.261316 0.033571 0.028947
27 0.583571 0.261053 0.038571 0.029474
7 0.621429 0.259211 0.035714 0.028947
32 0.658929 0.257895 0.033571 0.029474
25 0.700000 0.256053 0.040000 0.028947
14 0.740714 0.255000 0.032857 0.028947
37 0.780000 0.253684 0.035714 0.029474
0 0.816786 0.253684 0.030714 0.029474
32 0.168929 0.304737 0.030714 0.029474
30 0.208214 0.303421 0.036429 0.030000
16 0.248214 0.302895 0.036429 0.030000
11 0.281071 0.302895 0.027857 0.030000
14 0.313571 0.303421 0.031429 0.030000
33 0.349643 0.304737 0.030714 0.029474
28 0.383214 0.306053 0.033571 0.028947
21 0.421786 0.307368 0.037857 0.029474
3 0.465000 0.308158 0.038571 0.030000
24 0.508929 0.309211 0.045000 0.030000
17 0.548571 0.308421 0.028571 0.029474
17 0.585357 0.308158 0.035000 0.028947
6 0.625714 0.306842 0.041429 0.029474
35 0.667857 0.305263 0.038571 0.029474
34 0.710000 0.302368 0.041429 0.028947
11 0.747143 0.301316 0.024286 0.028947
22 0.781786 0.300789 0.036429 0.030000
15 0.821429 0.301316 0.031429 0.028947
33 0.176429 0.347105 0.034286 0.028947
22 0.218571 0.346316 0.038571 0.029474
8 0.249643 0.345526 0.019286 0.030000
34 0.279286 0.345789 0.037143 0.029474
18 0.320714 0.346842 0.041429 0.029474
18 0.358929 0.347895 0.025000 0.029474
37 0.397857 0.348947 0.042857 0.029474
10 0.442500 0.350526 0.036429 0.029474
26 0.486429 0.351316 0.047143 0.030000
37 0.530714 0.351316 0.038571 0.028947
0 0.566071 0.351053 0.029286 0.029474
35 0.602143 0.349737 0.037143 0.028947
7 0.638929 0.347895 0.029286 0.029474
15 0.667500 0.346842 0.025000 0.029474
26 0.701429 0.345263 0.034286 0.029474
11 0.737500 0.344474 0.025000 0.028947
22 0.776071 0.343684 0.045000 0.029474
0 0.184286 0.390789 0.038571 0.028947
33 0.225000 0.389737 0.035714 0.030000
1 0.266071 0.389211 0.039286 0.030000
23 0.310000 0.390526 0.038571 0.030526
19 0.346071 0.391316 0.027857 0.028947
27 0.378929 0.392105 0.035000 0.029474
4 0.417857 0.393684 0.040000 0.029474
27 0.459643 0.394737 0.036429 0.029474
11 0.493571 0.395789 0.025714 0.029474
25 0.528571 0.395526 0.035714 0.030000
26 0.567500 0.395000 0.039286 0.028947
16 0.609643 0.393158 0.036429 0.029474
32 0.649286 0.392105 0.032857 0.029474
13 0.688214 0.390263 0.039286 0.028947
33 0.729286 0.388158 0.035714 0.028947
20 0.770357 0.387105 0.042143 0.030000
25 0.814286 0.387105 0.040000 0.030000
14 0.181071 0.437895 0.036429 0.029474
24 0.220714 0.436842 0.038571 0.029474
7 0.257857 0.436316 0.028571 0.029474
26 0.295357 0.437105 0.042143 0.028947
33 0.336071 0.438158 0.033571 0.030000
0 0.374286 0.439211 0.035714 0.030000
16 0.413214 0.440526 0.036429 0.029474
23 0.452500 0.441842 0.035000 0.030000
0 0.486429 0.442895 0.030000 0.028947
35 0.521429 0.442895 0.034286 0.030000
13 0.563929 0.442368 0.040714 0.030000
2 0.608214 0.441316 0.039286 0.030000
21 0.650357 0.439211 0.037857 0.030000
0 0.687857 0.437368 0.031429 0.030526
28 0.726429 0.436053 0.042857 0.030000
25 0.767500 0.435000 0.033571 0.030000
30 0.809286 0.434737 0.038571 0.030526
14 0.179286 0.482368 0.031429 0.028947
11 0.217500 0.481842 0.036429 0.030000
19 0.253571 0.481579 0.030000 0.029474
9 0.286071 0.481842 0.032143 0.030000
30 0.323214 0.482895 0.037857 0.028947
22 0.363929 0.483684 0.040714 0.029474
31 0.407857 0.485526 0.040000 0.030000
25 0.450000 0.486316 0.034286 0.028421
17 0.488214 0.487368 0.032143 0.029474
5 0.527857 0.487895 0.040000 0.029474
28 0.570000 0.487105 0.034286 0.028947
8 0.597857 0.486842 0.018571 0.029474
18 0.627500 0.486053 0.036429 0.028947
19 0.662500 0.484211 0.027857 0.029474
8 0.686786 0.482895 0.015000 0.028947
3 0.716429 0.481579 0.040000 0.029474
35 0.758929 0.481053 0.035000 0.029474
14 0.797500 0.480526 0.035000 0.029474
10 0.177857 0.523947 0.041429 0.028947
20 0.218214 0.522895 0.030714 0.028947
5 0.257857 0.522632 0.041429 0.028421
31 0.296786 0.523158 0.033571 0.030526
19 0.331786 0.523684 0.030714 0.028421
35 0.369286 0.524737 0.038571 0.029474
1 0.412143 0.526316 0.037143 0.028421
30 0.450000 0.527895 0.031429 0.028421
36 0.489286 0.528684 0.040000 0.028947
37 0.540357 0.528947 0.052143 0.029474
23 0.590714 0.528684 0.042857 0.028947
33 0.631786 0.527105 0.032143 0.030000
0 0.672500 0.525789 0.037857 0.029474
0 0.709643 0.524474 0.033571 0.028947
26 0.748214 0.523421 0.037857 0.028947
14 0.786786 0.521842 0.030714 0.028947
28 0.183929 0.568947 0.035000 0.029474
9 0.223571 0.567895 0.034286 0.029474
23 0.264286 0.567368 0.042857 0.029474
11 0.306786 0.568421 0.037857 0.029474
25 0.346786 0.569737 0.036429 0.028947
29 0.379643 0.570789 0.020714 0.028947
29 0.398929 0.571842 0.015000 0.028947
25 0.428929 0.572368 0.036429 0.028947
32 0.469643 0.572895 0.033571 0.028947
37 0.505714 0.574211 0.037143 0.029474
22 0.550357 0.574474 0.040714 0.028947
5 0.595357 0.573421 0.042143 0.028947
29 0.631786 0.572105 0.020714 0.029474
15 0.661071 0.571316 0.030714 0.028947
6 0.700357 0.570789 0.039286 0.028947
16 0.741786 0.568947 0.036429 0.029474
18 0.782143 0.567632 0.037143 0.028947
9 0.818929 0.567632 0.032143 0.027895
8 0.167500 0.615263 0.016429 0.029474
1 0.198571 0.614474 0.038571 0.028947
15 0.234643 0.613684 0.027857 0.029474
17 0.271071 0.613947 0.037857 0.030000
27 0.306786 0.614211 0.032143 0.029474
26 0.348929 0.615526 0.040714 0.030000
7 0.389643 0.617368 0.037857 0.029474
28 0.435000 0.618421 0.042857 0.028421
36 0.482500 0.620263 0.045000 0.028947
35 0.527857 0.620263 0.038571 0.028947
36 0.570000 0.620263 0.040000 0.028947
19 0.608214 0.620000 0.027857 0.028421
33 0.644643 0.618421 0.033571 0.029474
13 0.687857 0.616842 0.048571 0.029474
11 0.730000 0.616053 0.030000 0.028947
19 0.763929 0.615263 0.029286 0.029474
14 0.796429 0.615000 0.028571 0.028947
6 0.173571 0.660526 0.040000 0.029474
9 0.211429 0.659474 0.031429 0.029474
37 0.250000 0.658947 0.035714 0.029474
34 0.290357 0.659211 0.043571 0.028947
17 0.333571 0.660526 0.035714 0.029474
7 0.371429 0.661579 0.032857 0.028421
27 0.410714 0.662895 0.035714 0.030000
10 0.447143 0.663947 0.034286 0.028947
17 0.485714 0.665000 0.037143 0.030000
10 0.528214 0.665526 0.040714 0.028947
22 0.575000 0.665526 0.042857 0.030000
24 0.625000 0.665000 0.047143 0.028947
8 0.664643 0.663158 0.020714 0.028421
25 0.698571 0.662105 0.038571 0.029474
7 0.737857 0.660526 0.032857 0.029474
28 0.781071 0.659737 0.042143 0.030000
0 0.182857 0.702368 0.030000 0.028947
8 0.212500 0.701316 0.019286 0.028947
35 0.244643 0.701053 0.036429 0.028421
25 0.286071 0.701842 0.039286 0.028947
10 0.326071 0.702632 0.036429 0.028421
33 0.363929 0.703421 0.030714 0.028947
19 0.399643 0.704474 0.030714 0.028947
31 0.438571 0.706053 0.038571 0.030000
28 0.480357 0.707105 0.037857 0.028947
5 0.522143 0.707632 0.038571 0.028947
21 0.563571 0.707632 0.040000 0.028947
20 0.609286 0.707368 0.041429 0.029474
5 0.653571 0.705263 0.038571 0.027368
11 0.691071 0.704737 0.027857 0.028421
25 0.727143 0.703684 0.032857 0.029474
33 0.766429 0.701842 0.037143 0.028947
24 0.808929 0.702105 0.040714 0.029474
20 0.178929 0.742632 0.040714 0.028421
6 0.223214 0.741316 0.045000 0.028947
24 0.272143 0.741053 0.042857 0.029474
5 0.318929 0.742632 0.039286 0.028421
18 0.360000 0.743421 0.038571 0.027895
17 0.400357 0.744474 0.032143 0.030000
8 0.426071 0.746316 0.013571 0.028421
34 0.456429 0.746579 0.040000 0.028947
7 0.499643 0.747632 0.036429 0.028947
1 0.543214 0.748158 0.047857 0.028947
8 0.577857 0.747895 0.017143 0.029474
11 0.605000 0.747105 0.032857 0.028947
0 0.643571 0.746579 0.038571 0.028947
1 0.681786 0.745263 0.035000 0.029474
16 0.720357 0.743947 0.033571 0.028947
16 0.759286 0.742632 0.035714 0.028421
7 0.795000 0.741842 0.032857 0.028947
29 0.166071 0.785789 0.016429 0.028421
32 0.193929 0.784737 0.033571 0.028421
1 0.233214 0.784474 0.036429 0.028947
12 0.277143 0.783684 0.045714 0.028421
11 0.315000 0.785000 0.024286 0.030000
17 0.350714 0.785526 0.038571 0.028947
15 0.386786 0.787105 0.029286 0.028947
30 0.425714 0.788421 0.040000 0.028421
32 0.466786 0.790000 0.032143 0.029474
27 0.501071 0.790263 0.035000 0.028947
2 0.541429 0.790789 0.042857 0.028947
25 0.590000 0.790263 0.042857 0.028947
5 0.635357 0.789474 0.039286 0.029474
12 0.681071 0.787368 0.047857 0.028421
26 0.725714 0.786316 0.035714 0.029474
31 0.764643 0.785789 0.037857 0.028421
23 0.807500 0.785000 0.040714 0.027895
