35 0.180357 0.172895 0.040714 0.027895
31 0.224286 0.172895 0.040000 0.026842
2 0.265357 0.172368 0.037857 0.026842
5 0.307500 0.172368 0.035000 0.026842
27 0.344643 0.172895 0.030714 0.027895
34 0.378214 0.173421 0.032143 0.026842
36 0.413571 0.172895 0.034286 0.026842
31 0.450000 0.172895 0.035714 0.026842
37 0.489643 0.173421 0.036429 0.026842
36 0.530714 0.173158 0.037143 0.027368
7 0.569286 0.173421 0.031429 0.026842
28 0.603571 0.173421 0.031429 0.026842
21 0.643214 0.173421 0.036429 0.027895
4 0.684643 0.173947 0.033571 0.027895
2 0.721071 0.173684 0.036429 0.027368
24 0.761071 0.173684 0.036429 0.027368
21 0.801429 0.173158 0.040000 0.027368
30 0.180357 0.210526 0.036429 0.027368
37 0.216071 0.210263 0.029286 0.027895
4 0.251429 0.210263 0.034286 0.026842
29 0.281786 0.210000 0.016429 0.027368
9 0.309286 0.210263 0.032857 0.027895
14 0.344643 0.210000 0.029286 0.027368
36 0.384286 0.210263 0.040000 0.026842
8 0.415714 0.210526 0.015714 0.027368
28 0.441786 0.210789 0.033571 0.026842
19 0.472500 0.210789 0.026429 0.026842
6 0.508214 0.211053 0.039286 0.027368
22 0.551071 0.211053 0.035000 0.027368
29 0.583571 0.211053 0.020000 0.027368
34 0.617500 0.211579 0.045000 0.027368
13 0.662500 0.211053 0.036429 0.027368
31 0.701071 0.211579 0.033571 0.027368
27 0.741786 0.211053 0.036429 0.027368
36 0.781786 0.211053 0.033571 0.027368
7 0.816429 0.211316 0.031429 0.027895
25 0.180714 0.252105 0.030000 0.027368
26 0.216429 0.251842 0.038571 0.027895
36 0.260357 0.251842 0.042143 0.027895
15 0.300714 0.251842 0.030000 0.026842
24 0.336071 0.251842 0.032143 0.027895
27 0.371786 0.252105 0.035000 0.026316
0 0.408929 0.252105 0.033571 0.027368
6 0.447500 0.252368 0.039286 0.027895
18 0.491429 0.252632 0.038571 0.027368
11 0.526071 0.252632 0.027857 0.027368
17 0.559286 0.252632 0.032857 0.027368
33 0.593929 0.252632 0.033571 0.027368
10 0.629643 0.252895 0.030714 0.026842
35 0.668571 0.252895 0.038571 0.026842
4 0.706429 0.252895 0.030000 0.027895
28 0.743571 0.256053 0.035714 0.020526
5 0.784286 0.252632 0.035714 0.027368
1 0.821429 0.252895 0.035714 0.027895
23 0.182857 0.295526 0.040000 0.027895
27 0.222500 0.295000 0.036429 0.026842
1 0.259643 0.295000 0.030714 0.026842
33 0.296429 0.295263 0.032857 0.027368
28 0.334286 0.295263 0.038571 0.027368
27 0.371786 0.295789 0.035000 0.027368
14 0.407857 0.295789 0.030000 0.027368
1 0.442143 0.295526 0.031429 0.027895
3 0.481786 0.295526 0.039286 0.026842
29 0.516786 0.296053 0.020714 0.027895
33 0.546786 0.296053 0.032143 0.027895
22 0.586429 0.295789 0.038571 0.027368
15 0.622143 0.296316 0.028571 0.027368
19 0.652857 0.296316 0.027143 0.026316
8 0.676786 0.296316 0.016429 0.027368
6 0.705000 0.296316 0.038571 0.027368
10 0.742143 0.296053 0.032857 0.026842
1 0.778214 0.296316 0.033571 0.027368
21 0.817143 0.296053 0.037143 0.026842
15 0.174643 0.334474 0.032143 0.027895
36 0.208214 0.334474 0.032143 0.027895
28 0.241429 0.334474 0.030000 0.026842
31 0.280357 0.334211 0.043571 0.027368
31 0.323214 0.333947 0.037857 0.027895
16 0.358571 0.334474 0.030000 0.026842
16 0.393571 0.334474 0.034286 0.027895
25 0.432500 0.334474 0.036429 0.027895
34 0.472500 0.334737 0.036429 0.027368
2 0.510357 0.334737 0.036429 0.027368
20 0.546071 0.335263 0.026429 0.027368
27 0.576786 0.335000 0.032143 0.026842
23 0.619286 0.334737 0.040000 0.027368
11 0.653571 0.335526 0.024286 0.026842
17 0.683571 0.335263 0.032857 0.027368
22 0.723214 0.335263 0.035000 0.027368
20 0.759643 0.335000 0.027857 0.027895
12 0.798214 0.334737 0.037857 0.027368
2 0.172857 0.375263 0.034286 0.027368
30 0.210000 0.375000 0.034286 0.027895
8 0.239643 0.375000 0.015000 0.026842
4 0.268571 0.375000 0.031429 0.026842
10 0.302857 0.374737 0.032857 0.027368
33 0.339286 0.375263 0.032857 0.027368
10 0.375714 0.375263 0.031429 0.027368
1 0.408214 0.375789 0.029286 0.027368
2 0.448214 0.375263 0.040714 0.027368
32 0.483214 0.376053 0.027857 0.027895
30 0.518929 0.376053 0.032143 0.027895
2 0.555000 0.376316 0.034286 0.027368
22 0.596429 0.376053 0.037143 0.027895
14 0.629286 0.375789 0.025714 0.027368
8 0.651786 0.376053 0.015000 0.027895
32 0.679643 0.376053 0.032143 0.026842
18 0.718214 0.375789 0.036429 0.027368
11 0.749643 0.375789 0.023571 0.027368
6 0.781071 0.375789 0.035000 0.027368
28 0.817857 0.376053 0.030000 0.027895
4 0.173214 0.417895 0.026429 0.027368
3 0.210714 0.417895 0.037143 0.027368
27 0.248571 0.417895 0.032857 0.027368
2 0.285357 0.417632 0.037857 0.027895
12 0.324286 0.417895 0.038571 0.027368
27 0.363571 0.418421 0.035714 0.027368
10 0.401429 0.418684 0.035714 0.027895
15 0.439286 0.418684 0.030000 0.027895
23 0.477143 0.418947 0.038571 0.027368
26 0.519286 0.418947 0.035714 0.027368
25 0.557143 0.418947 0.028571 0.027368
33 0.591429 0.418684 0.031429 0.027895
34 0.625000 0.418421 0.030000 0.027368
1 0.663571 0.418684 0.037143 0.027895
14 0.701071 0.418947 0.027857 0.027368
20 0.731071 0.418421 0.025000 0.027368
19 0.758929 0.418684 0.026429 0.027895
15 0.788214 0.418421 0.026429 0.027368
8 0.174286 0.458947 0.020000 0.027368
23 0.206429 0.458947 0.032857 0.027368
16 0.242143 0.458947 0.031429 0.027368
13 0.279286 0.459211 0.037143 0.027895
10 0.316786 0.459474 0.033571 0.027368
27 0.355000 0.459474 0.035714 0.027368
24 0.393571 0.459474 0.038571 0.028421
37 0.431071 0.459474 0.032143 0.027368
8 0.458571 0.459737 0.012857 0.026842
0 0.486786 0.460000 0.035000 0.027368
33 0.525714 0.459737 0.035714 0.027895
12 0.564286 0.460000 0.037143 0.027368
20 0.604286 0.460263 0.035714 0.027895
19 0.643214 0.460000 0.033571 0.027368
19 0.678214 0.459474 0.026429 0.027368
15 0.708929 0.460000 0.027857 0.027368
7 0.743929 0.459211 0.033571 0.027895
23 0.782500 0.459474 0.036429 0.027368
8 0.168214 0.503684 0.022143 0.027368
26 0.203571 0.503684 0.042857 0.027368
21 0.247500 0.503947 0.035000 0.027895
31 0.286429 0.503684 0.040000 0.027368
7 0.328571 0.503684 0.035714 0.027368
13 0.371429 0.504211 0.048571 0.028421
13 0.420714 0.504474 0.040000 0.027895
19 0.461429 0.504737 0.030000 0.027368
18 0.496786 0.505000 0.033571 0.027895
15 0.530357 0.505000 0.032143 0.027895
35 0.570357 0.504737 0.037857 0.027368
34 0.610357 0.504474 0.036429 0.027895
20 0.653571 0.503947 0.040000 0.027895
18 0.695714 0.503947 0.037143 0.027895
36 0.734643 0.503684 0.033571 0.027368
11 0.765714 0.503684 0.027143 0.027368
36 0.799286 0.503421 0.035714 0.026842
7 0.186071 0.541842 0.036429 0.027895
21 0.225000 0.542105 0.037143 0.027368
36 0.264643 0.541579 0.039286 0.027368
23 0.307857 0.542105 0.037143 0.028421
19 0.351786 0.542368 0.039286 0.027895
4 0.391429 0.542632 0.031429 0.027368
35 0.429643 0.542895 0.040714 0.027895
19 0.468929 0.543421 0.026429 0.027895
2 0.503929 0.543421 0.036429 0.027895
23 0.547143 0.543158 0.040000 0.027368
2 0.586786 0.542895 0.033571 0.027895
0 0.623571 0.542895 0.035714 0.027895
9 0.659643 0.542368 0.033571 0.026842
27 0.695357 0.541842 0.032143 0.027895
7 0.733214 0.542105 0.033571 0.028421
4 0.769286 0.541316 0.030000 0.027895
29 0.796786 0.541579 0.015000 0.027368
26 0.172500 0.586053 0.035000 0.027895
19 0.207500 0.585526 0.030714 0.027895
23 0.241786 0.586053 0.033571 0.027895
9 0.281071 0.586053 0.035000 0.027895
25 0.321071 0.586316 0.040714 0.027368
29 0.353929 0.586842 0.017857 0.027368
15 0.383571 0.587368 0.030000 0.027368
26 0.419286 0.587895 0.037143 0.027368
7 0.462857 0.587632 0.041429 0.027895
11 0.499643 0.587895 0.025000 0.028421
34 0.535357 0.587632 0.036429 0.027895
0 0.571786 0.587632 0.027857 0.027895
9 0.604286 0.587368 0.031429 0.027368
35 0.640714 0.587105 0.035714 0.027895
27 0.678571 0.586579 0.032857 0.026842
15 0.715714 0.586316 0.031429 0.027368
34 0.749286 0.585263 0.034286 0.027368
29 0.780000 0.585789 0.018571 0.027368
8 0.799286 0.585789 0.017143 0.027368
9 0.178571 0.629211 0.031429 0.027895
19 0.212500 0.628684 0.030714 0.027895
20 0.245714 0.629211 0.031429 0.026842
17 0.277143 0.628947 0.028571 0.027368
13 0.316071 0.629211 0.039286 0.027895
30 0.354643 0.630263 0.035000 0.027895
15 0.395714 0.630789 0.037143 0.027895
35 0.436071 0.630789 0.035000 0.026842
5 0.476071 0.630789 0.039286 0.027895
18 0.517500 0.630789 0.036429 0.027895
26 0.558214 0.630789 0.036429 0.027895
9 0.597143 0.630789 0.035714 0.027895
34 0.638571 0.630000 0.038571 0.027368
15 0.675714 0.630000 0.027143 0.027368
22 0.713929 0.629211 0.039286 0.027895
6 0.757143 0.628421 0.037143 0.027368
0 0.794643 0.628684 0.027857 0.027895
27 0.181071 0.668684 0.035000 0.027895
25 0.217857 0.668684 0.031429 0.027895
35 0.256786 0.668947 0.035000 0.027368
12 0.294286 0.669211 0.031429 0.027895
35 0.328929 0.669211 0.036429 0.027895
26 0.367857 0.669737 0.040000 0.027895
14 0.407857 0.670263 0.028571 0.027895
6 0.448571 0.670789 0.044286 0.027895
28 0.492143 0.671053 0.035714 0.027368
20 0.532500 0.671053 0.039286 0.027368
4 0.573571 0.670526 0.038571 0.028421
5 0.612857 0.670526 0.037143 0.027368
33 0.648929 0.670000 0.032143 0.027368
17 0.681429 0.669737 0.030000 0.027895
11 0.712500 0.668684 0.027857 0.026842
36 0.748929 0.668421 0.036429 0.027368
34 0.787500 0.668158 0.036429 0.027895
32 0.169286 0.711053 0.030000 0.028421
1 0.207143 0.710526 0.038571 0.027368
36 0.248214 0.711579 0.039286 0.027368
34 0.293929 0.711842 0.042143 0.026842
18 0.337857 0.712368 0.040000 0.027895
14 0.373929 0.712632 0.027857 0.027368
26 0.410714 0.713421 0.041429 0.027895
29 0.443929 0.713421 0.016429 0.027895
25 0.475000 0.714211 0.034286 0.027368
22 0.514286 0.714211 0.040000 0.027368
4 0.555714 0.713421 0.032857 0.027895
26 0.595000 0.713158 0.038571 0.028421
26 0.638214 0.712368 0.037857 0.027895
10 0.680357 0.711579 0.035000 0.027368
11 0.718929 0.711579 0.032143 0.027368
33 0.753571 0.711316 0.035714 0.027895
28 0.790357 0.710263 0.036429 0.027895
32 0.182500 0.752105 0.033571 0.027368
5 0.218214 0.752632 0.033571 0.027368
30 0.255000 0.752632 0.030000 0.027368
11 0.285714 0.753684 0.027143 0.027368
13 0.323571 0.753947 0.038571 0.027895
24 0.364286 0.754474 0.037143 0.027895
2 0.405000 0.755000 0.035714 0.027895
4 0.441786 0.755263 0.029286 0.027368
1 0.476786 0.755789 0.032143 0.027368
17 0.510357 0.755789 0.030714 0.027368
4 0.546429 0.755526 0.031429 0.027895
19 0.579643 0.755000 0.025000 0.027895
4 0.612857 0.754737 0.031429 0.027368
5 0.652500 0.753947 0.040714 0.027895
16 0.692500 0.753684 0.032143 0.027368
18 0.729286 0.752895 0.038571 0.027895
31 0.770714 0.752105 0.034286 0.027368
31 0.810714 0.752368 0.035714 0.027895
5 0.175714 0.795263 0.035714 0.027368
21 0.215714 0.795000 0.038571 0.026842
17 0.253214 0.795000 0.027857 0.027895
16 0.287143 0.795789 0.034286 0.027368
18 0.324286 0.796579 0.032857 0.027895
8 0.352857 0.797105 0.020000 0.027895
5 0.386071 0.797632 0.036429 0.027895
11 0.425000 0.797368 0.030000 0.027368
18 0.461071 0.797895 0.033571 0.027368
10 0.501429 0.797895 0.035714 0.027368
2 0.540714 0.797632 0.037143 0.027895
24 0.584643 0.797632 0.040714 0.027895
2 0.624643 0.797105 0.036429 0.027895
0 0.659286 0.796579 0.028571 0.027895
21 0.692500 0.795789 0.032143 0.027368
17 0.725357 0.795000 0.029286 0.027895
36 0.761786 0.795263 0.039286 0.027368
32 0.800000 0.794211 0.031429 0.027368
