19 0.180000 0.172632 0.030000 0.028421
35 0.217143 0.172895 0.038571 0.028947
24 0.257143 0.173421 0.037143 0.028947
7 0.298571 0.175000 0.035714 0.028947
3 0.337143 0.175263 0.038571 0.029474
34 0.375000 0.176579 0.034286 0.028947
3 0.412857 0.176842 0.035714 0.029474
9 0.451786 0.177632 0.032143 0.030000
29 0.481071 0.177632 0.017857 0.030000
10 0.510714 0.176842 0.037143 0.028421
8 0.538214 0.176579 0.016429 0.028947
36 0.568929 0.175526 0.040714 0.028947
36 0.610714 0.174211 0.038571 0.029474
4 0.650357 0.172105 0.029286 0.029474
21 0.690000 0.171842 0.042857 0.030000
18 0.733929 0.171053 0.035000 0.029474
18 0.771429 0.171053 0.034286 0.029474
18 0.812500 0.171579 0.040714 0.029474
4 0.179286 0.217368 0.031429 0.028421
25 0.215000 0.217368 0.034286 0.029474
33 0.252857 0.217105 0.035714 0.028947
14 0.290000 0.217895 0.031429 0.029474
3 0.329643 0.218947 0.043571 0.029474
22 0.371786 0.220526 0.036429 0.028421
13 0.414643 0.220789 0.042143 0.028947
27 0.455714 0.221316 0.034286 0.028947
4 0.493214 0.221842 0.030714 0.028947
11 0.527143 0.220789 0.030000 0.028947
8 0.553929 0.219737 0.017857 0.028947
14 0.586786 0.219474 0.036429 0.029474
30 0.624643 0.217895 0.035000 0.029474
36 0.661071 0.216053 0.033571 0.028947
31 0.702500 0.215526 0.040714 0.028947
31 0.745714 0.215000 0.038571 0.028947
3 0.788929 0.215000 0.039286 0.028947
2 0.173929 0.263684 0.037857 0.029474
27 0.217500 0.263158 0.037857 0.029474
10 0.256429 0.263421 0.034286 0.028947
28 0.299643 0.264211 0.040714 0.028421
21 0.340000 0.265000 0.035714 0.028947
28 0.380000 0.266316 0.032857 0.028421
2 0.417143 0.266842 0.040000 0.029474
12 0.466786 0.267368 0.047857 0.029474
20 0.514286 0.266842 0.037143 0.029474
1 0.561071 0.266316 0.052143 0.029474
34 0.610714 0.264211 0.037143 0.029474
21 0.653929 0.262632 0.043571 0.029474
35 0.695714 0.261842 0.038571 0.028947
23 0.735714 0.260789 0.035714 0.028947
0 0.775000 0.260526 0.034286 0.028421
20 0.810714 0.261579 0.032857 0.028421
8 0.172857 0.305526 0.017143 0.028947
27 0.203571 0.305263 0.032857 0.029474
37 0.243214 0.305263 0.036429 0.028421
12 0.287143 0.305789 0.041429 0.028421
0 0.327500 0.306316 0.030714 0.028421
12 0.367857 0.308158 0.038571 0.028947
24 0.412143 0.309211 0.041429 0.028947
23 0.458571 0.309211 0.038571 0.028947
14 0.499286 0.309474 0.034286 0.028421
12 0.542143 0.309211 0.042857 0.030000
26 0.587143 0.307895 0.040000 0.029474
37 0.633214 0.306053 0.040714 0.028947
26 0.676071 0.303947 0.039286 0.028947
0 0.718929 0.304211 0.039286 0.029474
23 0.757857 0.303158 0.028571 0.028421
19 0.790357 0.303947 0.032143 0.028947
11 0.179643 0.347895 0.032143 0.029474
11 0.212857 0.347368 0.027143 0.028421
25 0.248214 0.347632 0.037857 0.028947
16 0.291071 0.348684 0.039286 0.028947
25 0.330357 0.349211 0.033571 0.028947
33 0.366071 0.350526 0.035000 0.029474
1 0.407857 0.351579 0.038571 0.029474
27 0.448571 0.352105 0.032857 0.028421
32 0.485357 0.352105 0.032143 0.029474
0 0.520714 0.351579 0.028571 0.028421
6 0.558929 0.351053 0.039286 0.028421
9 0.599643 0.349737 0.032143 0.028947
17 0.633571 0.348684 0.032857 0.028947
29 0.660357 0.347368 0.016429 0.029474
13 0.691071 0.346579 0.042143 0.027895
5 0.733214 0.345789 0.036429 0.029474
23 0.774643 0.345789 0.045000 0.029474
20 0.817857 0.346316 0.037143 0.028421
10 0.176071 0.392895 0.035000 0.028947
17 0.217857 0.391842 0.035714 0.028947
24 0.255000 0.392632 0.034286 0.029474
14 0.290714 0.392632 0.032857 0.029474
16 0.326429 0.393947 0.032857 0.030000
24 0.366071 0.394737 0.036429 0.028421
6 0.406071 0.396053 0.037857 0.028947
0 0.444643 0.396842 0.030714 0.028421
2 0.483929 0.397105 0.037857 0.028947
7 0.523571 0.396842 0.037143 0.029474
30 0.561786 0.395789 0.032143 0.028421
32 0.596786 0.394737 0.032143 0.029474
36 0.637857 0.393684 0.041429 0.028421
2 0.679286 0.392105 0.038571 0.029474
23 0.719643 0.391053 0.036429 0.028421
21 0.759643 0.390526 0.036429 0.029474
31 0.803929 0.390789 0.047857 0.028947
3 0.184643 0.439737 0.040714 0.028947
1 0.226786 0.439737 0.036429 0.028947
19 0.268929 0.439737 0.036429 0.028947
24 0.310357 0.441053 0.043571 0.029474
17 0.354643 0.442632 0.037857 0.029474
21 0.396429 0.443684 0.037143 0.028421
22 0.435714 0.445000 0.038571 0.028947
22 0.476786 0.445000 0.039286 0.028947
6 0.519286 0.445000 0.041429 0.028947
0 0.557143 0.444211 0.027143 0.029474
17 0.591429 0.442632 0.031429 0.029474
15 0.625000 0.441842 0.027143 0.028947
32 0.656071 0.440526 0.029286 0.029474
32 0.693929 0.439211 0.036429 0.028947
6 0.734643 0.438158 0.036429 0.028947
26 0.777143 0.437895 0.040000 0.029474
8 0.809643 0.438684 0.015000 0.028947
6 0.182500 0.481842 0.046429 0.028947
33 0.225357 0.482105 0.035000 0.029474
17 0.266786 0.483158 0.037857 0.029474
4 0.307857 0.484211 0.032857 0.028421
24 0.346429 0.485526 0.040000 0.030000
0 0.383929 0.486579 0.030714 0.027895
12 0.423214 0.487368 0.043571 0.029474
20 0.467857 0.488158 0.040000 0.028947
10 0.504643 0.487895 0.030714 0.029474
23 0.541429 0.487368 0.038571 0.028421
22 0.584643 0.486579 0.036429 0.028947
10 0.626429 0.484737 0.038571 0.029474
20 0.665357 0.483158 0.033571 0.029474
36 0.704286 0.482105 0.038571 0.028421
15 0.744643 0.481316 0.033571 0.028947
20 0.787857 0.480526 0.042857 0.029474
33 0.180357 0.525526 0.033571 0.028947
27 0.216786 0.525000 0.035000 0.028947
17 0.251429 0.525526 0.031429 0.028947
29 0.279643 0.526316 0.015000 0.028421
12 0.310714 0.527895 0.041429 0.029474
1 0.355714 0.529211 0.038571 0.030000
6 0.397500 0.530526 0.042143 0.029474
36 0.446071 0.531316 0.045000 0.028947
23 0.491786 0.531579 0.042143 0.029474
1 0.530714 0.531316 0.034286 0.030000
9 0.564643 0.530263 0.030714 0.028947
1 0.603214 0.529211 0.037857 0.030000
2 0.642857 0.527368 0.035714 0.029474
10 0.683929 0.525526 0.036429 0.028947
32 0.723571 0.524474 0.032857 0.027895
4 0.758571 0.524211 0.030000 0.029474
17 0.792857 0.523947 0.034286 0.028947
22 0.180357 0.565263 0.039286 0.029474
13 0.221786 0.565526 0.036429 0.028947
1 0.260000 0.566053 0.035714 0.028947
21 0.301786 0.567632 0.039286 0.028947
11 0.338571 0.568947 0.030000 0.029474
30 0.372143 0.570263 0.034286 0.028947
25 0.410357 0.571316 0.033571 0.028947
29 0.441429 0.572105 0.017143 0.028421
0 0.471429 0.572368 0.034286 0.028947
10 0.508571 0.572368 0.032857 0.028947
32 0.546071 0.572105 0.033571 0.029474
2 0.587857 0.570526 0.038571 0.028421
8 0.622500 0.568947 0.022143 0.029474
18 0.658214 0.567632 0.039286 0.028947
34 0.701071 0.565789 0.040714 0.029474
29 0.736786 0.565789 0.019286 0.027368
32 0.768571 0.564737 0.035714 0.029474
15 0.806786 0.564474 0.032143 0.028947
37 0.183214 0.608684 0.035000 0.028947
26 0.220000 0.609211 0.034286 0.028947
4 0.259286 0.610000 0.034286 0.028421
31 0.297143 0.611053 0.037143 0.029474
4 0.334286 0.612105 0.032857 0.028421
7 0.373214 0.613421 0.037857 0.028947
21 0.418571 0.615526 0.042857 0.028947
15 0.460357 0.616053 0.029286 0.028947
13 0.499286 0.616579 0.040000 0.028947
9 0.536429 0.615789 0.031429 0.028421
27 0.571071 0.614737 0.036429 0.029474
22 0.612857 0.613158 0.038571 0.028421
6 0.652500 0.611842 0.037857 0.028947
29 0.684643 0.610263 0.019286 0.030000
13 0.717500 0.608947 0.042143 0.028421
2 0.759286 0.607895 0.038571 0.029474
0 0.798929 0.607895 0.030714 0.029474
8 0.171429 0.653684 0.021429 0.029474
24 0.206786 0.653684 0.037857 0.029474
12 0.253571 0.654211 0.047143 0.028421
17 0.294643 0.655526 0.029286 0.030000
34 0.328571 0.656842 0.032857 0.029474
18 0.368571 0.658421 0.038571 0.029474
15 0.407500 0.659474 0.033571 0.029474
22 0.449286 0.660263 0.038571 0.028947
24 0.491429 0.660789 0.038571 0.028947
1 0.529286 0.660526 0.032857 0.028421
32 0.564643 0.660000 0.033571 0.029474
7 0.600357 0.657895 0.032143 0.029474
9 0.638214 0.656579 0.035000 0.028947
24 0.679286 0.655526 0.040000 0.028947
30 0.718214 0.653947 0.035000 0.030000
26 0.756429 0.652895 0.037143 0.028947
29 0.788929 0.652895 0.019286 0.028947
25 0.822143 0.652895 0.035714 0.028947
22 0.182143 0.698947 0.035714 0.028421
15 0.216071 0.699474 0.030714 0.029474
15 0.256429 0.699737 0.041429 0.028947
18 0.298214 0.701316 0.036429 0.028947
23 0.336071 0.702632 0.033571 0.029474
19 0.373929 0.704474 0.032143 0.028947
34 0.412143 0.705789 0.040000 0.029474
27 0.452143 0.705789 0.037143 0.028421
26 0.492857 0.706579 0.038571 0.028947
27 0.536071 0.705526 0.036429 0.028947
13 0.577857 0.705000 0.040000 0.028947
25 0.617143 0.703158 0.032857 0.028421
32 0.653571 0.701842 0.034286 0.028947
8 0.683929 0.700000 0.019286 0.029474
9 0.715000 0.699474 0.032857 0.028421
24 0.755714 0.698421 0.038571 0.029474
9 0.792143 0.698421 0.031429 0.028421
21 0.182857 0.740526 0.044286 0.029474
8 0.216786 0.740000 0.015000 0.029474
20 0.243929 0.741053 0.033571 0.028421
26 0.282857 0.742105 0.040000 0.029474
20 0.323214 0.743684 0.035000 0.028421
6 0.367857 0.744737 0.042857 0.029474
25 0.410357 0.746316 0.035000 0.028421
5 0.449643 0.747368 0.039286 0.028421
24 0.492500 0.747105 0.040714 0.028947
8 0.527500 0.747105 0.020714 0.028947
31 0.558571 0.745789 0.037143 0.028421
3 0.597857 0.744737 0.038571 0.029474
26 0.640357 0.743158 0.043571 0.030526
21 0.687500 0.740526 0.042143 0.028421
35 0.732857 0.739737 0.044286 0.028947
10 0.773929 0.738947 0.030714 0.029474
14 0.806429 0.739737 0.028571 0.028947
3 0.183929 0.787895 0.033571 0.029474
17 0.217143 0.787368 0.028571 0.028421
13 0.257143 0.788684 0.041429 0.028947
10 0.296429 0.789737 0.032857 0.028947
12 0.340357 0.791053 0.043571 0.028421
12 0.385357 0.792105 0.040714 0.029474
21 0.430357 0.793421 0.039286 0.028947
34 0.471071 0.793421 0.039286 0.028947
28 0.523929 0.790526 0.042143 0.023158
3 0.570000 0.792105 0.044286 0.028421
9 0.611786 0.790263 0.032143 0.028947
8 0.640714 0.788947 0.018571 0.029474
36 0.672143 0.788421 0.038571 0.029474
21 0.715714 0.786579 0.040000 0.028947
13 0.760357 0.785789 0.037857 0.029474
30 0.798929 0.786316 0.033571 0.029474
