19 0.180357 0.171053 0.026429 0.027368
35 0.213929 0.169737 0.036429 0.026842
37 0.258571 0.167895 0.041429 0.027368
30 0.301429 0.166842 0.037143 0.027368
30 0.339286 0.165526 0.032857 0.026842
30 0.375000 0.164737 0.034286 0.027368
13 0.417857 0.164737 0.041429 0.027368
27 0.457500 0.164474 0.035000 0.027895
12 0.499643 0.165526 0.045000 0.026842
26 0.541786 0.165789 0.033571 0.027368
35 0.581786 0.167368 0.042143 0.027368
9 0.625000 0.168158 0.034286 0.027895
4 0.662500 0.169737 0.037857 0.026842
37 0.705714 0.171053 0.038571 0.027368
21 0.744286 0.172632 0.034286 0.027368
26 0.786071 0.174211 0.042143 0.027368
11 0.826071 0.175526 0.027857 0.027895
22 0.188214 0.211842 0.042143 0.027895
18 0.228571 0.210000 0.035714 0.027368
12 0.271071 0.208421 0.040714 0.027368
23 0.314643 0.206842 0.039286 0.027368
17 0.350000 0.206053 0.027143 0.027895
15 0.378571 0.205526 0.028571 0.026842
25 0.415357 0.205789 0.033571 0.027368
5 0.454286 0.205263 0.034286 0.027368
23 0.492143 0.205789 0.038571 0.027368
3 0.537500 0.206579 0.040714 0.026842
37 0.581429 0.207895 0.037143 0.027368
17 0.615000 0.208947 0.028571 0.027368
36 0.651071 0.209737 0.033571 0.026842
1 0.688214 0.211579 0.030714 0.027368
2 0.725000 0.212895 0.035714 0.027895
17 0.758929 0.214211 0.027857 0.027368
30 0.792143 0.214474 0.034286 0.027895
27 0.182500 0.253947 0.033571 0.026842
17 0.220714 0.252105 0.031429 0.027368
13 0.260000 0.250526 0.040000 0.027368
14 0.300714 0.249211 0.032857 0.027895
18 0.341429 0.248158 0.037143 0.027895
30 0.380714 0.247105 0.034286 0.026842
16 0.421786 0.247368 0.042143 0.027368
28 0.465357 0.247105 0.035000 0.026842
31 0.503929 0.247895 0.032143 0.027368
32 0.554286 0.248947 0.058571 0.028421
2 0.607500 0.250526 0.040714 0.027368
37 0.650000 0.252105 0.034286 0.027368
18 0.688214 0.253158 0.032143 0.027368
35 0.727857 0.254211 0.038571 0.027368
25 0.767857 0.255789 0.034286 0.027368
37 0.806786 0.257105 0.036429 0.027895
22 0.182857 0.297368 0.038571 0.027368
35 0.223929 0.295789 0.035000 0.027368
14 0.263571 0.293947 0.034286 0.026842
25 0.302857 0.292632 0.032857 0.027368
19 0.335357 0.291842 0.029286 0.027895
11 0.365357 0.291579 0.027857 0.027368
0 0.400714 0.290789 0.037143 0.027895
28 0.437143 0.290789 0.031429 0.026842
18 0.476786 0.290526 0.037857 0.027368
27 0.515000 0.291579 0.030000 0.027368
19 0.545000 0.292368 0.028571 0.027895
10 0.578571 0.293421 0.032857 0.026842
3 0.617857 0.294211 0.037143 0.027368
13 0.655000 0.295789 0.030000 0.027368
7 0.687143 0.296842 0.025714 0.027368
22 0.721429 0.298421 0.037143 0.027368
9 0.759286 0.299474 0.031429 0.027368
17 0.794643 0.300789 0.033571 0.026842
23 0.172857 0.336316 0.038571 0.027368
19 0.208571 0.334737 0.027143 0.027368
18 0.241786 0.333158 0.035000 0.027368
33 0.276429 0.331579 0.025714 0.027368
31 0.311071 0.330789 0.037857 0.026842
30 0.346429 0.329474 0.030000 0.027368
17 0.381786 0.329474 0.035000 0.027368
26 0.420714 0.328421 0.035714 0.027368
19 0.460714 0.328947 0.034286 0.027368
17 0.496786 0.330000 0.033571 0.027368
22 0.537857 0.330263 0.037143 0.026842
17 0.578571 0.332105 0.035714 0.027368
3 0.616429 0.333158 0.032857 0.027368
29 0.645357 0.333684 0.015000 0.027368
21 0.674286 0.335000 0.038571 0.027895
7 0.711071 0.336053 0.030714 0.026842
18 0.747500 0.337895 0.036429 0.027368
32 0.782857 0.339474 0.024286 0.027368
33 0.177500 0.377368 0.033571 0.027368
32 0.217500 0.375526 0.039286 0.026842
37 0.261429 0.373158 0.038571 0.027368
18 0.305714 0.371842 0.040000 0.027895
32 0.343571 0.370526 0.030000 0.027368
22 0.379286 0.370263 0.034286 0.026842
25 0.415357 0.370000 0.033571 0.027368
18 0.452500 0.370000 0.036429 0.027368
13 0.490357 0.370526 0.033571 0.027368
36 0.530357 0.371316 0.039286 0.027895
26 0.571786 0.372632 0.039286 0.027368
11 0.606786 0.373684 0.025000 0.027368
35 0.642500 0.375000 0.036429 0.026842
7 0.681071 0.376842 0.030714 0.027368
35 0.717143 0.377895 0.037143 0.027368
30 0.754286 0.378947 0.032857 0.027368
8 0.782857 0.380789 0.018571 0.027895
27 0.811071 0.381316 0.033571 0.027895
29 0.175357 0.417895 0.017857 0.027368
1 0.206786 0.416316 0.035000 0.027368
11 0.240714 0.414737 0.025714 0.027368
5 0.274286 0.413421 0.034286 0.027895
35 0.314286 0.412632 0.035714 0.027368
16 0.351429 0.411316 0.031429 0.026842
31 0.385000 0.411053 0.030000 0.027368
15 0.417857 0.410526 0.028571 0.027368
19 0.448929 0.410789 0.029286 0.027895
16 0.485357 0.411053 0.033571 0.027368
24 0.525000 0.412105 0.042857 0.027368
25 0.565357 0.413158 0.033571 0.027368
12 0.603214 0.414737 0.039286 0.027368
6 0.645714 0.416053 0.037143 0.026842
9 0.686786 0.417895 0.033571 0.027368
6 0.724286 0.419474 0.034286 0.027368
20 0.758929 0.420789 0.026429 0.026842
26 0.793571 0.422105 0.034286 0.027368
32 0.173929 0.460263 0.029286 0.027895
1 0.207143 0.457895 0.032857 0.027368
34 0.249643 0.456053 0.043571 0.026842
36 0.292857 0.454474 0.032857 0.027895
8 0.323214 0.453684 0.019286 0.027368
1 0.353571 0.453158 0.034286 0.027368
12 0.397500 0.452105 0.046429 0.027368
37 0.444643 0.452368 0.037857 0.026842
21 0.488214 0.452895 0.039286 0.026842
4 0.525714 0.453684 0.027143 0.026316
6 0.559286 0.454474 0.035714 0.026842
31 0.603929 0.456316 0.045000 0.027368
13 0.647143 0.457895 0.037143 0.027368
17 0.687143 0.460000 0.034286 0.027368
14 0.722500 0.461053 0.032143 0.027368
29 0.748571 0.462632 0.012857 0.027368
20 0.773929 0.462895 0.035000 0.026842
18 0.812857 0.464211 0.035714 0.027368
23 0.178214 0.502105 0.033571 0.027368
31 0.214286 0.500526 0.034286 0.027368
9 0.249286 0.498421 0.030000 0.027368
15 0.280714 0.496842 0.027143 0.027368
8 0.309286 0.495789 0.022857 0.027368
8 0.336429 0.495263 0.021429 0.027368
32 0.365714 0.494737 0.031429 0.027368
17 0.396786 0.494211 0.029286 0.027368
7 0.429643 0.493947 0.032143 0.026842
1 0.468214 0.494211 0.036429 0.027368
10 0.504286 0.495263 0.032857 0.027368
3 0.541429 0.496053 0.037143 0.027895
15 0.574643 0.497368 0.025000 0.027368
17 0.609286 0.498684 0.034286 0.027895
34 0.644286 0.500000 0.025714 0.027368
31 0.678929 0.501316 0.040714 0.027895
7 0.717500 0.503421 0.030714 0.027895
5 0.752857 0.504737 0.037143 0.027368
33 0.790000 0.505789 0.032857 0.027368
35 0.178929 0.543947 0.029286 0.027895
23 0.216429 0.541842 0.038571 0.026842
30 0.257143 0.540263 0.032857 0.027895
23 0.294643 0.538158 0.033571 0.026842
21 0.332500 0.536842 0.036429 0.027368
33 0.367143 0.535789 0.031429 0.027368
17 0.405357 0.535526 0.035000 0.027895
4 0.442857 0.535263 0.030000 0.027368
33 0.475357 0.535789 0.032143 0.027368
5 0.510714 0.536316 0.032857 0.027368
1 0.543929 0.537368 0.030714 0.027368
8 0.572143 0.538684 0.014286 0.026842
12 0.603214 0.539737 0.039286 0.026842
8 0.633571 0.541316 0.018571 0.027895
25 0.661071 0.542368 0.033571 0.027895
5 0.696071 0.543421 0.033571 0.026842
21 0.736071 0.545789 0.040714 0.027368
32 0.777143 0.546842 0.031429 0.027368
20 0.818571 0.548684 0.040000 0.027895
24 0.176429 0.586579 0.034286 0.026842
19 0.208929 0.584737 0.025000 0.027368
21 0.241786 0.583684 0.036429 0.027368
1 0.281429 0.581579 0.034286 0.027368
30 0.321429 0.579737 0.034286 0.027895
9 0.360714 0.578421 0.037143 0.027368
6 0.403214 0.577368 0.036429 0.027368
12 0.441071 0.577368 0.036429 0.027368
33 0.478214 0.577368 0.033571 0.027368
11 0.514643 0.578421 0.029286 0.027368
5 0.552143 0.579737 0.035714 0.026842
18 0.596429 0.581316 0.044286 0.027895
7 0.638214 0.583684 0.035000 0.027368
19 0.671071 0.584737 0.025000 0.027368
21 0.704643 0.586579 0.036429 0.026842
16 0.738571 0.587632 0.028571 0.027895
33 0.770000 0.588947 0.030000 0.027368
27 0.806786 0.590789 0.033571 0.027895
13 0.183929 0.626579 0.037857 0.027895
23 0.224643 0.624474 0.037857 0.027895
26 0.263929 0.622632 0.036429 0.028421
21 0.304643 0.620526 0.036429 0.027368
21 0.345000 0.618684 0.034286 0.027895
35 0.386429 0.617368 0.040000 0.027368
9 0.424643 0.616842 0.035000 0.027368
23 0.461429 0.616842 0.031429 0.027368
6 0.500357 0.617632 0.040714 0.027895
11 0.534643 0.618947 0.023571 0.027368
16 0.568571 0.620000 0.034286 0.027368
5 0.605000 0.621053 0.035714 0.027368
6 0.647857 0.623421 0.040000 0.027895
24 0.690000 0.625263 0.035714 0.027368
10 0.729286 0.627105 0.034286 0.027895
29 0.760714 0.628421 0.018571 0.027368
20 0.785714 0.629474 0.027143 0.027368
4 0.820357 0.630789 0.037857 0.027895
26 0.184643 0.668947 0.037857 0.028421
16 0.220714 0.667368 0.032857 0.027368
19 0.252857 0.665526 0.025714 0.027895
16 0.288929 0.663947 0.040714 0.027895
17 0.327500 0.661579 0.033571 0.027368
30 0.364643 0.660000 0.030714 0.027368
6 0.402143 0.659474 0.037143 0.027368
11 0.435714 0.658947 0.025714 0.027368
13 0.471429 0.658947 0.041429 0.027368
31 0.517857 0.660000 0.047143 0.028421
19 0.557143 0.661316 0.030000 0.026842
14 0.592143 0.662632 0.032857 0.027368
4 0.626786 0.664474 0.032143 0.026842
10 0.662500 0.666053 0.035000 0.026842
11 0.698214 0.667632 0.026429 0.027895
32 0.731786 0.668684 0.033571 0.027895
5 0.768571 0.670263 0.038571 0.027895
17 0.808571 0.672105 0.035714 0.027368
9 0.169286 0.712632 0.031429 0.027368
29 0.197857 0.711316 0.015714 0.027895
0 0.224643 0.710263 0.026429 0.027895
19 0.257143 0.708684 0.027143 0.027895
22 0.291071 0.706579 0.039286 0.027895
4 0.326429 0.704737 0.025714 0.027368
26 0.358571 0.703421 0.035714 0.027895
22 0.396429 0.702368 0.035714 0.026842
35 0.436071 0.701579 0.040714 0.027368
15 0.477857 0.701842 0.037143 0.026842
20 0.518214 0.702895 0.039286 0.026842
10 0.557857 0.704474 0.034286 0.027895
31 0.591786 0.705789 0.030714 0.027368
21 0.628571 0.707368 0.038571 0.027368
10 0.671071 0.709211 0.036429 0.027895
16 0.713214 0.710789 0.042143 0.027895
30 0.752500 0.712895 0.029286 0.026842
14 0.784643 0.713947 0.027857 0.026842
14 0.820000 0.715263 0.032857 0.027368
22 0.183929 0.753421 0.037857 0.026842
25 0.222857 0.751053 0.031429 0.027368
29 0.248214 0.749737 0.012143 0.027895
34 0.273214 0.748684 0.033571 0.027895
5 0.312857 0.746579 0.041429 0.027895
16 0.353214 0.745000 0.035000 0.027895
19 0.390357 0.743684 0.033571 0.027368
9 0.423571 0.743158 0.028571 0.027368
7 0.453571 0.742895 0.027143 0.026842
6 0.488214 0.742895 0.036429 0.027895
35 0.531429 0.743684 0.041429 0.027368
1 0.573214 0.745789 0.033571 0.027368
23 0.611429 0.747368 0.035714 0.027368
10 0.649643 0.749737 0.033571 0.026842
27 0.685714 0.751053 0.031429 0.027368
26 0.724643 0.752632 0.037857 0.027368
6 0.765000 0.754211 0.040000 0.027368
12 0.809643 0.755526 0.039286 0.027895
34 0.179286 0.794737 0.037143 0.027368
28 0.221429 0.792368 0.035714 0.027895
17 0.252500 0.790263 0.020714 0.026842
26 0.283571 0.789474 0.035714 0.027368
30 0.320357 0.787632 0.027857 0.027895
12 0.360357 0.786316 0.040714 0.027368
3 0.403571 0.785263 0.038571 0.027368
0 0.441429 0.784737 0.025714 0.027368
28 0.473571 0.784737 0.035714 0.027368
11 0.509643 0.785000 0.033571 0.027895
2 0.545000 0.786316 0.035714 0.027368
14 0.580357 0.787368 0.029286 0.027368
18 0.612500 0.789211 0.030714 0.026842
1 0.650357 0.791053 0.036429 0.027368
3 0.691071 0.792368 0.035000 0.026842
6 0.729286 0.794211 0.037143 0.027368
19 0.765357 0.795789 0.026429 0.027368
4 0.795714 0.796842 0.025714 0.027368
