32 0.167857 0.172368 0.028571 0.026842
13 0.201071 0.171842 0.035000 0.027895
28 0.240000 0.171316 0.031429 0.026842
32 0.272857 0.170263 0.031429 0.026842
3 0.311429 0.170000 0.035714 0.027368
32 0.352500 0.170526 0.042143 0.027368
19 0.395357 0.170526 0.033571 0.027368
34 0.438929 0.171579 0.046429 0.027368
30 0.480714 0.172105 0.032857 0.027368
12 0.519643 0.172895 0.037857 0.026842
4 0.557143 0.173684 0.027143 0.027368
18 0.592143 0.174211 0.037143 0.027368
15 0.625714 0.174737 0.028571 0.027368
30 0.654643 0.175789 0.027857 0.027368
34 0.687143 0.175263 0.031429 0.027368
22 0.727857 0.175789 0.042857 0.027368
21 0.767500 0.176316 0.030714 0.027368
21 0.809286 0.176316 0.041429 0.027368
20 0.181786 0.212895 0.035000 0.026842
23 0.222500 0.212105 0.039286 0.027368
8 0.252857 0.211579 0.011429 0.027368
31 0.277143 0.211053 0.034286 0.027368
7 0.310714 0.210789 0.030000 0.026842
1 0.345714 0.211053 0.035714 0.027368
17 0.379643 0.211053 0.027857 0.027368
37 0.415000 0.211316 0.034286 0.027895
9 0.451786 0.212632 0.032143 0.027368
8 0.481786 0.212632 0.017857 0.027368
8 0.502857 0.213684 0.014286 0.027368
7 0.530357 0.213684 0.033571 0.027368
4 0.564286 0.214211 0.030000 0.027368
3 0.602143 0.215263 0.035714 0.027368
29 0.632500 0.215789 0.017857 0.027368
26 0.662500 0.215526 0.036429 0.027895
14 0.697143 0.215789 0.028571 0.027368
17 0.733214 0.216579 0.035000 0.026842
37 0.771429 0.216579 0.035714 0.026842
13 0.807857 0.217368 0.028571 0.027368
12 0.175714 0.253421 0.042857 0.026842
12 0.222857 0.252105 0.045714 0.027368
37 0.266071 0.250789 0.036429 0.026842
22 0.307143 0.250526 0.041429 0.027368
15 0.346071 0.250526 0.026429 0.027368
12 0.381071 0.250789 0.039286 0.026842
17 0.416429 0.251316 0.028571 0.027895
9 0.448214 0.252105 0.033571 0.027368
23 0.486071 0.252632 0.030714 0.027368
4 0.518929 0.253421 0.030714 0.026842
0 0.556071 0.253947 0.033571 0.026842
18 0.596429 0.254737 0.037143 0.027368
6 0.636071 0.255263 0.036429 0.027368
31 0.676071 0.255789 0.039286 0.027368
29 0.707143 0.256316 0.014286 0.027368
22 0.733929 0.256316 0.037857 0.027368
7 0.773929 0.256316 0.036429 0.027368
28 0.812143 0.257105 0.032857 0.027895
16 0.176786 0.293947 0.046429 0.027895
33 0.221786 0.292105 0.033571 0.027368
31 0.262143 0.291842 0.038571 0.027895
32 0.302143 0.291316 0.030000 0.027895
23 0.337143 0.291316 0.035714 0.027895
3 0.376429 0.291579 0.037143 0.027368
20 0.414643 0.292368 0.030714 0.026842
32 0.449286 0.292368 0.031429 0.027895
37 0.487143 0.293421 0.037143 0.027895
8 0.517500 0.293947 0.015000 0.026842
18 0.544643 0.294211 0.033571 0.027368
21 0.580714 0.295000 0.035714 0.026842
18 0.619643 0.295526 0.037857 0.027895
21 0.660357 0.295789 0.035000 0.027368
6 0.701786 0.296579 0.037857 0.027895
21 0.742143 0.297105 0.038571 0.026842
23 0.783571 0.297368 0.038571 0.027368
0 0.821071 0.297895 0.033571 0.027368
10 0.183929 0.337895 0.035000 0.027368
25 0.220357 0.336579 0.033571 0.027895
17 0.256786 0.335789 0.029286 0.027368
30 0.292143 0.335526 0.034286 0.026842
34 0.330357 0.335526 0.035000 0.026842
13 0.370357 0.336053 0.039286 0.027895
0 0.408214 0.336316 0.027857 0.027368
13 0.443929 0.336842 0.040714 0.027368
22 0.487500 0.337632 0.036429 0.027895
14 0.521786 0.338421 0.027857 0.027368
23 0.560000 0.339211 0.038571 0.027895
31 0.595000 0.340000 0.030000 0.027368
29 0.621429 0.340000 0.014286 0.027368
34 0.648929 0.340789 0.037857 0.027895
33 0.689643 0.341053 0.033571 0.027368
20 0.726429 0.341579 0.031429 0.027368
24 0.765000 0.341842 0.038571 0.026842
26 0.806786 0.342105 0.036429 0.027368
4 0.176071 0.377895 0.032143 0.027368
15 0.206786 0.376579 0.025000 0.026842
7 0.237500 0.376053 0.032143 0.027895
31 0.274643 0.375789 0.035000 0.027368
37 0.314643 0.375526 0.037857 0.026842
26 0.357143 0.375526 0.038571 0.027895
14 0.394643 0.376316 0.030714 0.027368
25 0.430357 0.376579 0.033571 0.026842
17 0.466786 0.377368 0.027857 0.027368
18 0.504286 0.377895 0.035714 0.027368
20 0.543929 0.378421 0.036429 0.027368
32 0.582500 0.379211 0.033571 0.027895
2 0.620357 0.380263 0.036429 0.027895
33 0.653929 0.380526 0.025000 0.027368
34 0.690000 0.381316 0.038571 0.027895
15 0.727143 0.381579 0.027143 0.027368
14 0.758929 0.381842 0.030714 0.026842
12 0.795357 0.382105 0.037857 0.027368
29 0.163929 0.417368 0.016429 0.027368
20 0.192143 0.417105 0.034286 0.027895
36 0.230357 0.416579 0.040714 0.027895
9 0.270357 0.415789 0.029286 0.027368
6 0.309643 0.415526 0.039286 0.027895
34 0.346429 0.415526 0.030000 0.027895
7 0.380000 0.416053 0.028571 0.026842
3 0.415714 0.416316 0.035714 0.027368
6 0.450357 0.416316 0.030714 0.027368
10 0.486071 0.417632 0.033571 0.026842
16 0.521786 0.418421 0.032143 0.027368
15 0.555357 0.418947 0.025000 0.027368
6 0.588571 0.419474 0.037143 0.027368
37 0.627857 0.420000 0.037143 0.027368
36 0.667500 0.420526 0.033571 0.027368
20 0.702857 0.421053 0.032857 0.027368
16 0.741071 0.421316 0.039286 0.027895
25 0.778571 0.422105 0.030000 0.027368
26 0.817500 0.422105 0.037857 0.028421
11 0.172857 0.459211 0.027143 0.027895
20 0.206071 0.458684 0.030714 0.026842
5 0.243214 0.457895 0.036429 0.027368
17 0.280714 0.457632 0.035714 0.027895
1 0.317143 0.457368 0.034286 0.027368
30 0.354286 0.457368 0.031429 0.027368
2 0.392857 0.457895 0.040000 0.027368
26 0.437500 0.458421 0.040714 0.027368
3 0.479643 0.459474 0.037857 0.027368
2 0.522143 0.460263 0.038571 0.027895
30 0.560357 0.461053 0.030714 0.027368
37 0.595714 0.461842 0.034286 0.027895
4 0.633929 0.462632 0.033571 0.027368
6 0.675000 0.462895 0.041429 0.027895
11 0.712143 0.463158 0.025714 0.027368
7 0.747143 0.463684 0.031429 0.027368
3 0.783571 0.463684 0.037143 0.027368
9 0.822857 0.463684 0.032857 0.027368
6 0.176071 0.502105 0.037857 0.027368
20 0.223214 0.500789 0.047857 0.026842
21 0.267857 0.500526 0.034286 0.027368
35 0.307143 0.500000 0.038571 0.027368
35 0.346429 0.500263 0.037143 0.027895
0 0.389643 0.500526 0.040714 0.027368
14 0.428214 0.501579 0.027857 0.027368
19 0.460000 0.501579 0.032857 0.027368
26 0.495714 0.503158 0.032857 0.027368
16 0.531786 0.503684 0.037857 0.027368
29 0.558929 0.504474 0.012143 0.027895
31 0.584643 0.504737 0.036429 0.027368
5 0.627143 0.505263 0.037143 0.027368
23 0.668214 0.506053 0.036429 0.027895
36 0.710357 0.506053 0.043571 0.027895
30 0.748929 0.506316 0.030714 0.027368
2 0.786429 0.506316 0.038571 0.027368
7 0.170000 0.542368 0.030000 0.026842
23 0.199286 0.541579 0.022857 0.027368
33 0.232857 0.541053 0.034286 0.027368
25 0.269643 0.540526 0.029286 0.027368
35 0.309643 0.540526 0.039286 0.027368
27 0.351786 0.541053 0.033571 0.027368
28 0.390000 0.541579 0.035714 0.027368
37 0.431071 0.542105 0.039286 0.027368
0 0.473214 0.543158 0.037857 0.027368
16 0.512857 0.544211 0.030000 0.027368
12 0.552857 0.545263 0.040000 0.027368
2 0.591071 0.545526 0.033571 0.027895
16 0.627857 0.546053 0.034286 0.027895
30 0.666429 0.546842 0.032857 0.027368
2 0.709286 0.547105 0.045714 0.027895
32 0.751071 0.547632 0.030714 0.027895
4 0.786429 0.547632 0.035714 0.027895
5 0.182500 0.581053 0.040714 0.027368
14 0.218929 0.579737 0.029286 0.026842
14 0.252500 0.579474 0.029286 0.027368
34 0.291071 0.579474 0.037857 0.027368
32 0.330357 0.579737 0.032143 0.027895
11 0.365000 0.579737 0.030000 0.027895
2 0.400357 0.580526 0.036429 0.027368
10 0.441429 0.581842 0.040000 0.027895
35 0.482500 0.582368 0.037857 0.027895
30 0.515714 0.583158 0.024286 0.027368
4 0.550000 0.583684 0.035714 0.027368
21 0.591071 0.584211 0.036429 0.027368
21 0.633571 0.585000 0.040000 0.027895
37 0.680000 0.585263 0.050000 0.027368
36 0.725714 0.586316 0.038571 0.027368
0 0.765357 0.586579 0.029286 0.027895
13 0.804286 0.586842 0.038571 0.027368
31 0.186429 0.626316 0.040000 0.027368
0 0.225000 0.625789 0.034286 0.027368
16 0.260357 0.625000 0.033571 0.027895
15 0.295000 0.624737 0.027143 0.027368
33 0.331071 0.625263 0.035000 0.027368
14 0.368214 0.626053 0.029286 0.027895
25 0.406429 0.626842 0.037143 0.027368
31 0.442500 0.627895 0.032143 0.028421
28 0.483571 0.628421 0.038571 0.027368
27 0.523929 0.629737 0.032143 0.027895
37 0.562857 0.630263 0.038571 0.027895
3 0.601071 0.630789 0.035000 0.027895
3 0.641071 0.631579 0.040714 0.028421
5 0.681429 0.631579 0.037143 0.027368
37 0.721071 0.631842 0.036429 0.027895
0 0.760714 0.632368 0.034286 0.027895
7 0.793929 0.632368 0.030714 0.027895
0 0.173929 0.664474 0.027857 0.026842
22 0.210000 0.664474 0.037143 0.027895
0 0.251429 0.663684 0.038571 0.027368
12 0.291786 0.663947 0.039286 0.027895
18 0.332143 0.663684 0.035714 0.027368
12 0.372143 0.664474 0.037143 0.027895
11 0.406071 0.665526 0.025000 0.027895
28 0.441786 0.666053 0.036429 0.026842
1 0.476071 0.667105 0.030714 0.026842
0 0.512857 0.667895 0.037143 0.027368
30 0.550357 0.668947 0.033571 0.027368
4 0.582143 0.669737 0.027143 0.027895
31 0.615000 0.670263 0.032857 0.027895
25 0.651071 0.670000 0.030714 0.027368
4 0.682857 0.670526 0.025714 0.027368
13 0.719286 0.671053 0.040000 0.027368
30 0.757500 0.671053 0.033571 0.027368
32 0.788571 0.671579 0.025714 0.027368
8 0.166429 0.705263 0.020000 0.027368
15 0.193929 0.704737 0.026429 0.027368
36 0.230000 0.704211 0.040000 0.027368
26 0.271429 0.704211 0.035714 0.027368
35 0.313571 0.704474 0.038571 0.027895
4 0.353214 0.705526 0.036429 0.026842
20 0.388214 0.706053 0.029286 0.026842
3 0.422500 0.707105 0.032143 0.027895
3 0.458571 0.707632 0.035714 0.027895
32 0.494286 0.708684 0.032857 0.027895
16 0.532500 0.709211 0.032143 0.027895
25 0.567857 0.710000 0.035714 0.027368
37 0.610357 0.711053 0.037857 0.027368
8 0.643214 0.711053 0.019286 0.027368
29 0.662857 0.711842 0.012857 0.027895
17 0.685714 0.712105 0.024286 0.027368
10 0.714286 0.712105 0.031429 0.027368
37 0.752143 0.711842 0.037143 0.027895
33 0.791786 0.711579 0.032143 0.027368
11 0.171071 0.747368 0.029286 0.027368
14 0.205357 0.746842 0.030714 0.027368
13 0.243571 0.747105 0.038571 0.027895
21 0.283214 0.747368 0.036429 0.027368
28 0.325357 0.747368 0.040714 0.027368
9 0.363571 0.748158 0.028571 0.027895
25 0.400000 0.749211 0.032857 0.027895
36 0.436071 0.750000 0.036429 0.027368
30 0.472500 0.751053 0.029286 0.027368
12 0.510000 0.752105 0.038571 0.027368
4 0.542857 0.753158 0.022857 0.027368
20 0.576429 0.752895 0.034286 0.026842
17 0.611786 0.754211 0.033571 0.027368
23 0.653571 0.754474 0.040000 0.027895
7 0.693571 0.754474 0.035714 0.027895
30 0.733214 0.754474 0.036429 0.027895
4 0.772857 0.754474 0.034286 0.027895
22 0.816429 0.754737 0.042857 0.027368
29 0.163929 0.791316 0.017857 0.027895
28 0.190357 0.791053 0.032143 0.027368
33 0.225000 0.790526 0.031429 0.027368
16 0.258929 0.790526 0.032143 0.027368
9 0.292143 0.790789 0.027143 0.027895
23 0.328214 0.791053 0.037857 0.027368
5 0.368214 0.792368 0.037857 0.026842
3 0.408214 0.793158 0.036429 0.028421
6 0.445357 0.793947 0.036429 0.027895
18 0.484643 0.795263 0.037857 0.027368
35 0.524643 0.796316 0.039286 0.027368
27 0.563929 0.797368 0.033571 0.027368
36 0.601429 0.797632 0.040000 0.027895
31 0.639286 0.798421 0.031429 0.027368
11 0.675000 0.798421 0.030000 0.027368
8 0.704286 0.798421 0.017143 0.027368
8 0.723929 0.798684 0.015000 0.026842
2 0.751786 0.798421 0.037857 0.027368
8 0.786786 0.797895 0.022143 0.027368
7 0.819643 0.797895 0.032143 0.027368
