34 0.183571 0.175789 0.048571 0.031579
29 0.219643 0.176053 0.017857 0.032105
9 0.252857 0.175526 0.037143 0.032105
15 0.288929 0.175526 0.032143 0.032105
6 0.329643 0.174737 0.043571 0.031579
36 0.371786 0.174211 0.037857 0.031579
2 0.413929 0.172632 0.040714 0.031579
3 0.455000 0.171579 0.038571 0.031579
34 0.500714 0.170263 0.048571 0.032105
33 0.547143 0.168947 0.040000 0.031579
22 0.593571 0.168158 0.045714 0.031053
22 0.642857 0.167895 0.045714 0.031579
11 0.687143 0.169211 0.037143 0.032105
15 0.728571 0.170263 0.038571 0.032105
35 0.772143 0.171842 0.038571 0.031053
28 0.811429 0.174211 0.038571 0.031579
37 0.175714 0.222105 0.038571 0.031579
0 0.215357 0.221842 0.032143 0.031053
18 0.257500 0.221579 0.043571 0.031579
0 0.301786 0.221053 0.033571 0.031579
24 0.348571 0.220789 0.050000 0.032105
20 0.401786 0.219474 0.047857 0.032632
27 0.449286 0.217632 0.042857 0.031053
31 0.498571 0.216316 0.047143 0.031579
20 0.547143 0.215000 0.041429 0.032105
27 0.592857 0.214211 0.041429 0.031579
30 0.637857 0.213947 0.040000 0.032105
35 0.682500 0.215000 0.043571 0.032105
16 0.724286 0.216316 0.035714 0.031579
25 0.766786 0.218421 0.040714 0.031579
27 0.809286 0.220263 0.038571 0.032105
16 0.177500 0.270000 0.039286 0.031579
8 0.215000 0.269737 0.024286 0.031053
23 0.250357 0.270000 0.042143 0.031579
35 0.292857 0.269737 0.041429 0.031053
14 0.335000 0.268947 0.032857 0.031579
30 0.375357 0.268421 0.037857 0.031579
28 0.420000 0.267105 0.042857 0.032105
25 0.461071 0.265526 0.032143 0.031053
23 0.500714 0.264211 0.041429 0.031579
8 0.533571 0.263684 0.021429 0.031579
33 0.567857 0.262895 0.038571 0.032105
27 0.612857 0.262105 0.041429 0.031579
7 0.656429 0.262368 0.034286 0.032105
13 0.700714 0.263684 0.044286 0.031579
11 0.739643 0.265000 0.029286 0.032105
1 0.774643 0.266842 0.033571 0.031579
9 0.815714 0.268947 0.037143 0.031579
18 0.188571 0.318158 0.041429 0.032105
19 0.228571 0.317895 0.031429 0.031579
5 0.271786 0.318158 0.045000 0.031053
31 0.317143 0.317368 0.041429 0.031579
33 0.361786 0.316842 0.039286 0.031579
19 0.397857 0.315789 0.030000 0.031579
35 0.437143 0.314737 0.041429 0.031579
4 0.477857 0.313421 0.034286 0.032105
15 0.517143 0.312105 0.034286 0.031579
21 0.558571 0.311053 0.040000 0.031579
21 0.601071 0.310526 0.036429 0.031579
7 0.641071 0.311053 0.039286 0.031579
24 0.686071 0.311842 0.042143 0.032105
34 0.724643 0.312895 0.027857 0.032105
35 0.762143 0.314474 0.042857 0.031053
12 0.808929 0.316842 0.046429 0.032632
28 0.183929 0.365789 0.040714 0.031579
2 0.228214 0.366316 0.045000 0.031579
21 0.275000 0.365789 0.041429 0.031579
12 0.321429 0.365526 0.042857 0.032105
0 0.365357 0.364474 0.035000 0.032105
36 0.410357 0.363421 0.046429 0.031053
22 0.457857 0.361842 0.041429 0.031053
4 0.505714 0.360263 0.044286 0.033158
37 0.551429 0.358947 0.042857 0.031579
21 0.599286 0.358421 0.041429 0.031579
15 0.638929 0.358684 0.027857 0.032105
37 0.680357 0.358947 0.047857 0.031579
6 0.727857 0.360263 0.041429 0.032105
7 0.768571 0.362895 0.034286 0.031053
14 0.809643 0.364737 0.039286 0.031579
27 0.185000 0.413158 0.038571 0.031579
21 0.227143 0.413158 0.038571 0.031579
27 0.268571 0.413158 0.035714 0.031579
15 0.307857 0.412895 0.037143 0.032105
14 0.346071 0.412632 0.036429 0.031579
2 0.387857 0.411579 0.041429 0.031579
21 0.433929 0.409737 0.045000 0.032105
21 0.480714 0.408947 0.042857 0.031579
7 0.520714 0.407632 0.032857 0.032105
36 0.560000 0.406842 0.038571 0.031579
2 0.607500 0.406316 0.046429 0.031579
12 0.659286 0.406579 0.045714 0.031053
7 0.703571 0.407895 0.038571 0.031579
14 0.747143 0.409474 0.037143 0.031579
3 0.790000 0.411579 0.041429 0.031579
17 0.184643 0.458421 0.036429 0.031579
5 0.230357 0.458421 0.045000 0.031579
9 0.276429 0.458421 0.037143 0.031579
31 0.318214 0.457895 0.040714 0.031579
21 0.362143 0.457368 0.040000 0.031579
6 0.402500 0.456316 0.037857 0.031579
11 0.439643 0.455263 0.030714 0.031579
3 0.480714 0.454211 0.042857 0.031579
37 0.526786 0.453158 0.045000 0.031579
33 0.571429 0.452368 0.040000 0.032105
28 0.613929 0.451316 0.042143 0.032105
14 0.655714 0.451842 0.035714 0.032105
22 0.700000 0.453158 0.047143 0.031579
5 0.750714 0.455000 0.048571 0.032105
20 0.797857 0.457632 0.040000 0.031053
19 0.180714 0.507368 0.032857 0.031579
7 0.221429 0.507368 0.040000 0.031579
17 0.262500 0.507632 0.030714 0.031053
30 0.297143 0.507368 0.037143 0.031579
12 0.341786 0.506842 0.045000 0.031579
26 0.386071 0.505789 0.042143 0.031579
15 0.424286 0.505000 0.031429 0.031053
13 0.464643 0.503947 0.043571 0.031053
33 0.507500 0.502105 0.036429 0.031579
31 0.545714 0.501053 0.037143 0.030526
21 0.588214 0.501053 0.040714 0.031579
37 0.633929 0.500789 0.040714 0.031053
32 0.675714 0.501579 0.040000 0.031579
35 0.722500 0.502895 0.043571 0.032105
28 0.767143 0.505263 0.038571 0.031579
19 0.809643 0.507368 0.036429 0.031579
23 0.175000 0.551579 0.037143 0.031579
5 0.220357 0.551579 0.047857 0.031579
4 0.273929 0.551316 0.049286 0.031053
26 0.325714 0.551053 0.044286 0.031579
3 0.370000 0.550263 0.041429 0.031053
0 0.409286 0.549737 0.031429 0.032105
10 0.447500 0.548421 0.037857 0.031579
12 0.492500 0.547105 0.047857 0.032105
1 0.536429 0.546053 0.035714 0.032105
16 0.577500 0.546053 0.042143 0.032105
27 0.625714 0.545789 0.045714 0.031579
13 0.670714 0.546316 0.041429 0.031579
27 0.715714 0.547632 0.038571 0.032105
33 0.754286 0.549474 0.035714 0.031579
33 0.795357 0.551579 0.036429 0.031579
34 0.178214 0.601053 0.046429 0.031579
2 0.225000 0.600789 0.042857 0.031053
14 0.267857 0.600526 0.034286 0.031579
31 0.312857 0.600263 0.050000 0.032105
29 0.350714 0.600000 0.020000 0.031579
35 0.386071 0.600000 0.042143 0.031579
11 0.429286 0.598421 0.032857 0.031579
28 0.474286 0.597632 0.051429 0.032105
31 0.525714 0.596842 0.044286 0.031579
37 0.574286 0.595789 0.041429 0.031579
15 0.617143 0.595789 0.038571 0.031579
4 0.659286 0.596053 0.037143 0.031053
29 0.689643 0.597368 0.015000 0.031579
34 0.720000 0.597895 0.035714 0.031579
4 0.760714 0.600000 0.040000 0.031579
20 0.801429 0.601842 0.032857 0.031053
2 0.190000 0.647895 0.045714 0.031579
24 0.236786 0.647895 0.045000 0.030526
25 0.285000 0.648158 0.041429 0.031053
32 0.328571 0.647368 0.035714 0.031579
18 0.373571 0.647105 0.042857 0.032105
8 0.405357 0.646316 0.017857 0.031579
28 0.434643 0.646316 0.035000 0.031579
22 0.480714 0.645789 0.048571 0.031579
32 0.523571 0.644737 0.035714 0.031579
36 0.564643 0.644211 0.042143 0.031579
34 0.605357 0.643947 0.037857 0.032105
27 0.648571 0.644211 0.038571 0.031579
10 0.690357 0.645263 0.037857 0.031579
10 0.733571 0.646842 0.037143 0.031579
28 0.778214 0.649211 0.042143 0.031053
29 0.812143 0.651579 0.015714 0.031579
21 0.182857 0.694474 0.035714 0.031053
37 0.222857 0.693947 0.041429 0.032105
26 0.267857 0.693684 0.044286 0.030526
21 0.317500 0.693684 0.043571 0.031579
1 0.357857 0.693947 0.034286 0.031053
26 0.398571 0.693158 0.045714 0.031579
17 0.442143 0.693158 0.038571 0.031579
22 0.483571 0.692632 0.041429 0.031579
32 0.524286 0.691579 0.035714 0.031579
19 0.564286 0.691579 0.034286 0.031579
36 0.607143 0.691053 0.041429 0.031579
29 0.638929 0.691579 0.015000 0.031579
29 0.660357 0.691579 0.020714 0.031579
0 0.695000 0.692105 0.041429 0.030526
34 0.736429 0.694474 0.032857 0.031053
4 0.775357 0.695789 0.033571 0.031579
9 0.814286 0.698158 0.037143 0.032105
25 0.182500 0.741053 0.043571 0.031579
23 0.228929 0.740526 0.040714 0.031579
33 0.273571 0.740000 0.038571 0.031579
21 0.317857 0.740526 0.040000 0.031579
9 0.361429 0.740789 0.040000 0.031053
30 0.403929 0.740263 0.037857 0.031053
16 0.442500 0.739737 0.036429 0.031053
6 0.483571 0.740000 0.041429 0.031579
24 0.531786 0.738947 0.047857 0.031579
1 0.579643 0.738684 0.042143 0.032105
7 0.619286 0.738947 0.034286 0.031579
1 0.659286 0.739211 0.037143 0.032105
9 0.702500 0.740526 0.037857 0.031579
2 0.743929 0.742368 0.039286 0.032105
10 0.786429 0.744211 0.038571 0.031579
4 0.183571 0.784737 0.032857 0.031579
36 0.224643 0.784211 0.037857 0.031579
8 0.260357 0.783947 0.023571 0.031053
2 0.295357 0.783421 0.043571 0.031053
16 0.338214 0.783947 0.037857 0.032105
19 0.377500 0.784474 0.036429 0.032105
21 0.422143 0.784737 0.041429 0.031579
32 0.461786 0.784211 0.030714 0.031579
31 0.499643 0.783684 0.035000 0.031579
7 0.542500 0.783158 0.040714 0.031579
30 0.583571 0.783158 0.035714 0.031579
7 0.623929 0.783684 0.037857 0.031579
5 0.669643 0.783947 0.045000 0.032105
8 0.703929 0.785263 0.020714 0.031579
35 0.739286 0.786316 0.038571 0.031579
0 0.779643 0.788684 0.033571 0.031053
7 0.815357 0.790263 0.032143 0.031053
