5 0.184643 0.175789 0.039286 0.029474
23 0.230000 0.175789 0.042857 0.029474
3 0.273214 0.176842 0.039286 0.028421
9 0.310714 0.177105 0.034286 0.028947
4 0.346786 0.176579 0.026429 0.028947
21 0.385357 0.177105 0.040714 0.028947
4 0.426429 0.177368 0.037143 0.029474
10 0.468571 0.176579 0.037143 0.028947
12 0.508214 0.176316 0.036429 0.029474
19 0.546071 0.175526 0.032143 0.030000
8 0.571071 0.174474 0.015000 0.030000
36 0.601429 0.174474 0.040000 0.028947
8 0.637143 0.172895 0.022857 0.030000
19 0.670000 0.172632 0.032857 0.029474
10 0.706429 0.172105 0.035714 0.029474
0 0.745000 0.171316 0.032857 0.030000
1 0.785000 0.171579 0.035714 0.029474
24 0.185357 0.221579 0.042143 0.028421
36 0.226429 0.222368 0.032857 0.030000
6 0.265000 0.222632 0.037143 0.028421
9 0.300714 0.223158 0.031429 0.029474
12 0.340714 0.223421 0.038571 0.030000
3 0.380714 0.223684 0.038571 0.029474
5 0.420000 0.223684 0.037143 0.029474
26 0.461429 0.222895 0.040000 0.030000
25 0.499286 0.222895 0.032857 0.030000
4 0.537143 0.221842 0.034286 0.030000
1 0.575000 0.220526 0.037143 0.029474
0 0.616429 0.220000 0.037143 0.029474
28 0.660000 0.218947 0.041429 0.029474
11 0.697857 0.217895 0.024286 0.029474
13 0.731429 0.217105 0.040000 0.028947
26 0.775357 0.216842 0.042143 0.029474
25 0.814286 0.217895 0.032857 0.029474
10 0.172500 0.266579 0.036429 0.028947
24 0.211786 0.267368 0.036429 0.029474
0 0.247500 0.267632 0.032143 0.028947
27 0.287143 0.267632 0.035714 0.028947
12 0.328929 0.268158 0.043571 0.028947
18 0.375357 0.268158 0.037857 0.028947
16 0.413929 0.268158 0.036429 0.028947
22 0.458571 0.267632 0.042857 0.028947
33 0.501786 0.266842 0.033571 0.028421
22 0.538929 0.266579 0.039286 0.030000
29 0.576429 0.265263 0.028571 0.029474
2 0.611071 0.264474 0.037857 0.030000
4 0.646429 0.263158 0.028571 0.028421
9 0.682857 0.262895 0.038571 0.028947
12 0.723929 0.262105 0.039286 0.029474
4 0.764643 0.261842 0.033571 0.028947
29 0.790714 0.262105 0.014286 0.029474
16 0.818214 0.261842 0.036429 0.030000
14 0.177143 0.311842 0.032857 0.028947
33 0.212500 0.311842 0.035000 0.028947
1 0.251429 0.312632 0.035714 0.029474
14 0.286071 0.312895 0.030714 0.028947
14 0.320000 0.311842 0.030000 0.026842
28 0.357857 0.313421 0.040000 0.028947
17 0.395357 0.313947 0.027857 0.028947
30 0.428929 0.312895 0.035000 0.028947
8 0.453571 0.313158 0.012857 0.029474
11 0.477143 0.312105 0.031429 0.029474
4 0.518571 0.312105 0.042857 0.029474
8 0.550714 0.311053 0.017143 0.029474
1 0.582143 0.310263 0.038571 0.030000
24 0.624643 0.308947 0.043571 0.029474
37 0.668214 0.307632 0.036429 0.028947
33 0.706071 0.307368 0.035000 0.029474
14 0.741429 0.307368 0.031429 0.029474
8 0.766786 0.306579 0.016429 0.028947
37 0.173929 0.351842 0.039286 0.027895
9 0.213214 0.353158 0.035000 0.029474
13 0.256786 0.353158 0.045000 0.029474
6 0.305000 0.353421 0.041429 0.028947
7 0.350357 0.354474 0.037857 0.028947
14 0.391429 0.353947 0.032857 0.030000
16 0.427500 0.353947 0.030714 0.030000
2 0.470357 0.352895 0.045000 0.030000
31 0.517857 0.351842 0.040000 0.028947
4 0.562500 0.351053 0.042143 0.030526
26 0.603571 0.349737 0.038571 0.030000
2 0.644286 0.348158 0.038571 0.028947
30 0.685357 0.348158 0.035000 0.030000
31 0.723571 0.347105 0.038571 0.028947
29 0.754286 0.346842 0.018571 0.029474
34 0.790714 0.346579 0.044286 0.028947
0 0.172857 0.396579 0.034286 0.028947
3 0.211071 0.397105 0.036429 0.028947
1 0.250714 0.397368 0.035714 0.028421
19 0.287143 0.398158 0.032857 0.028947
6 0.330000 0.398684 0.041429 0.030000
10 0.372857 0.398684 0.038571 0.028947
3 0.417500 0.398947 0.047857 0.029474
19 0.463214 0.397632 0.033571 0.028947
34 0.498571 0.396842 0.032857 0.029474
13 0.539643 0.396053 0.037857 0.028947
31 0.578214 0.394737 0.032143 0.028421
10 0.612500 0.393421 0.032143 0.028947
5 0.651071 0.392632 0.036429 0.029474
26 0.691786 0.391842 0.039286 0.028947
9 0.737143 0.390789 0.040000 0.028947
1 0.780357 0.390789 0.036429 0.028947
19 0.818214 0.391053 0.033571 0.028421
35 0.181071 0.443421 0.039286 0.028947
17 0.220357 0.444211 0.030714 0.029474
30 0.257143 0.444211 0.035714 0.029474
1 0.297500 0.445000 0.035000 0.028947
33 0.334286 0.445526 0.034286 0.028947
21 0.370000 0.445526 0.032857 0.028947
0 0.407857 0.444737 0.034286 0.028421
18 0.449643 0.444737 0.046429 0.029474
5 0.495000 0.443421 0.041429 0.028947
6 0.535357 0.442632 0.037857 0.029474
17 0.572500 0.441842 0.029286 0.028947
1 0.609643 0.440526 0.037857 0.029474
35 0.651429 0.439474 0.040000 0.029474
20 0.697143 0.438158 0.041429 0.030000
10 0.742857 0.437368 0.038571 0.029474
32 0.784286 0.437632 0.037143 0.028947
12 0.175357 0.488947 0.037857 0.029474
5 0.215714 0.488947 0.038571 0.028421
37 0.257857 0.488947 0.037143 0.028421
7 0.295714 0.490000 0.034286 0.029474
25 0.335000 0.490263 0.037143 0.028947
8 0.367857 0.490789 0.022857 0.028947
10 0.397500 0.490263 0.035000 0.028947
3 0.438214 0.489737 0.036429 0.028947
18 0.480000 0.489211 0.040000 0.030000
8 0.513929 0.488421 0.019286 0.029474
35 0.548214 0.486842 0.039286 0.028421
4 0.585000 0.486316 0.030000 0.029474
12 0.623929 0.484737 0.037857 0.028421
1 0.665000 0.483947 0.035714 0.028947
9 0.700714 0.483421 0.034286 0.028947
21 0.743214 0.481842 0.042143 0.028947
2 0.786786 0.482368 0.040714 0.028947
25 0.180357 0.530263 0.039286 0.028947
5 0.219643 0.530526 0.035000 0.028421
32 0.256429 0.531053 0.032857 0.028421
11 0.291429 0.531842 0.030000 0.028947
35 0.327143 0.532105 0.037143 0.028421
34 0.363929 0.532895 0.032143 0.028947
9 0.397143 0.532105 0.030000 0.028421
36 0.430357 0.532105 0.035000 0.029474
20 0.467143 0.531316 0.031429 0.030000
26 0.507857 0.530789 0.040000 0.028947
22 0.547857 0.529474 0.034286 0.028421
22 0.588571 0.528421 0.042857 0.028421
17 0.629286 0.527105 0.035714 0.028947
1 0.668214 0.526053 0.037857 0.030000
15 0.704643 0.525000 0.029286 0.028947
30 0.740714 0.524474 0.035714 0.028947
22 0.778929 0.524737 0.039286 0.029474
0 0.818214 0.524737 0.029286 0.029474
13 0.175000 0.574211 0.038571 0.028421
35 0.220357 0.574474 0.040714 0.028947
23 0.259286 0.575526 0.034286 0.028947
7 0.295000 0.575000 0.035714 0.028947
13 0.336429 0.575789 0.040000 0.029474
20 0.371786 0.575526 0.026429 0.028947
25 0.408929 0.575789 0.037857 0.029474
0 0.448214 0.575263 0.033571 0.028421
31 0.487857 0.574737 0.041429 0.029474
24 0.535357 0.573158 0.045000 0.028421
2 0.582143 0.572105 0.041429 0.028421
32 0.621071 0.571053 0.030714 0.028421
18 0.662143 0.570000 0.040000 0.028421
16 0.702500 0.569211 0.029286 0.028947
32 0.734643 0.568421 0.032143 0.028421
24 0.775000 0.568421 0.041429 0.029474
8 0.809643 0.568684 0.016429 0.028947
5 0.177143 0.616316 0.040000 0.029474
27 0.220000 0.616316 0.034286 0.029474
7 0.259286 0.617368 0.032857 0.028421
22 0.296071 0.617368 0.039286 0.028421
8 0.331786 0.617895 0.020714 0.029474
4 0.359286 0.617632 0.028571 0.028947
14 0.393929 0.617632 0.032143 0.028947
1 0.427143 0.617632 0.031429 0.028947
28 0.466071 0.617105 0.035000 0.028947
12 0.507143 0.616316 0.041429 0.029474
24 0.554286 0.615526 0.042857 0.028947
11 0.590357 0.614211 0.026429 0.028421
22 0.625000 0.613158 0.041429 0.029474
37 0.675000 0.612368 0.048571 0.028947
13 0.723929 0.610526 0.042143 0.029474
19 0.760714 0.610789 0.028571 0.028947
20 0.801071 0.610789 0.045000 0.030000
18 0.175357 0.659737 0.045000 0.028947
15 0.219286 0.660000 0.038571 0.028421
18 0.264286 0.660789 0.041429 0.028947
17 0.303929 0.661053 0.035000 0.028421
18 0.349643 0.661579 0.045000 0.028421
23 0.388929 0.661842 0.029286 0.028947
32 0.425357 0.661316 0.037857 0.028947
9 0.465714 0.660789 0.035714 0.028947
16 0.505357 0.660526 0.033571 0.029474
21 0.543571 0.659474 0.041429 0.029474
17 0.584643 0.657895 0.032143 0.028421
10 0.624286 0.656842 0.037143 0.028421
1 0.664643 0.656316 0.039286 0.029474
26 0.708571 0.655526 0.038571 0.028947
22 0.749643 0.654737 0.037857 0.029474
13 0.793214 0.654737 0.045000 0.029474
29 0.168929 0.705263 0.012143 0.028421
32 0.195714 0.705526 0.032857 0.028947
4 0.232500 0.705789 0.030714 0.028421
30 0.268929 0.706053 0.037857 0.028947
16 0.308214 0.706579 0.035000 0.027895
23 0.343929 0.707368 0.035000 0.029474
28 0.385000 0.706579 0.035714 0.027895
20 0.424643 0.706842 0.037857 0.029474
7 0.464643 0.706842 0.036429 0.029474
17 0.503571 0.706316 0.038571 0.029474
17 0.546786 0.705263 0.040714 0.029474
33 0.586429 0.703947 0.035714 0.028947
4 0.627143 0.703158 0.035714 0.029474
3 0.668214 0.701579 0.037857 0.028421
34 0.710000 0.701053 0.037143 0.028421
29 0.742500 0.701053 0.016429 0.029474
23 0.768214 0.700526 0.032143 0.028421
19 0.799643 0.700789 0.027857 0.028947
23 0.184643 0.749474 0.039286 0.029474
2 0.230714 0.749737 0.041429 0.028947
22 0.275000 0.750263 0.042857 0.028947
4 0.313929 0.750789 0.027857 0.027895
13 0.355357 0.751579 0.042143 0.028421
24 0.398571 0.751316 0.042857 0.028947
16 0.440714 0.751053 0.032857 0.028421
28 0.476429 0.750526 0.031429 0.029474
6 0.514286 0.750263 0.038571 0.028947
28 0.558929 0.748947 0.037857 0.029474
37 0.598929 0.747895 0.039286 0.028421
2 0.642143 0.746842 0.038571 0.029474
32 0.683929 0.746579 0.035000 0.028947
12 0.721786 0.745526 0.035000 0.028947
4 0.763571 0.745000 0.041429 0.030000
12 0.810000 0.745263 0.041429 0.029474
7 0.182857 0.788684 0.038571 0.028947
9 0.223929 0.788684 0.035000 0.028947
6 0.265714 0.788684 0.038571 0.028947
37 0.309643 0.789737 0.043571 0.028947
13 0.355000 0.789474 0.038571 0.028421
36 0.396429 0.790263 0.034286 0.028947
2 0.438571 0.789737 0.041429 0.028947
30 0.477143 0.789737 0.032857 0.028947
10 0.515714 0.788684 0.037143 0.028947
36 0.553214 0.788158 0.035000 0.028947
3 0.590000 0.786842 0.037143 0.028421
23 0.632857 0.786053 0.038571 0.028947
36 0.675357 0.784737 0.035000 0.028421
7 0.717143 0.784211 0.037143 0.029474
28 0.760714 0.784211 0.038571 0.029474
5 0.802857 0.784474 0.038571 0.028947
