6 0.182857 0.172105 0.044286 0.029474
37 0.225714 0.169737 0.037143 0.028947
26 0.268214 0.169211 0.042143 0.028947
23 0.307500 0.168421 0.030714 0.029474
13 0.347143 0.167895 0.041429 0.028421
10 0.389286 0.168158 0.035714 0.030000
20 0.424286 0.168421 0.028571 0.028421
6 0.460714 0.168947 0.037143 0.028421
19 0.497500 0.170263 0.029286 0.028947
2 0.533214 0.170789 0.037857 0.028947
35 0.573929 0.172105 0.035000 0.029474
10 0.616429 0.173421 0.038571 0.028947
1 0.657500 0.174737 0.032143 0.029474
9 0.690357 0.175789 0.029286 0.029474
21 0.728214 0.176316 0.040714 0.029474
17 0.769286 0.177105 0.038571 0.028947
0 0.805714 0.176842 0.032857 0.029474
29 0.170000 0.218684 0.017143 0.028947
23 0.201786 0.217632 0.043571 0.030000
5 0.246071 0.216053 0.039286 0.030000
30 0.286786 0.215263 0.035000 0.029474
11 0.325714 0.215000 0.034286 0.030000
5 0.366429 0.214737 0.038571 0.028421
0 0.411786 0.214737 0.042143 0.029474
32 0.453214 0.215526 0.033571 0.028947
25 0.492857 0.216316 0.035714 0.029474
4 0.534286 0.217368 0.035714 0.029474
27 0.574643 0.218684 0.035000 0.028947
31 0.614643 0.220263 0.040714 0.030000
8 0.647857 0.221316 0.014286 0.028947
11 0.669286 0.221579 0.027143 0.029474
7 0.701786 0.222895 0.032143 0.028947
31 0.742143 0.223421 0.038571 0.028947
33 0.781071 0.223684 0.036429 0.029474
33 0.170357 0.260789 0.035000 0.028947
19 0.206786 0.259474 0.033571 0.029474
25 0.245357 0.258421 0.037857 0.029474
32 0.285357 0.257632 0.035000 0.028947
23 0.323571 0.257105 0.032857 0.028947
25 0.360357 0.256579 0.036429 0.028947
26 0.401071 0.257368 0.035000 0.029474
7 0.437857 0.257368 0.030000 0.028421
5 0.478214 0.258158 0.039286 0.028947
30 0.518571 0.259474 0.035714 0.029474
32 0.558214 0.260526 0.036429 0.029474
13 0.603214 0.261579 0.042143 0.029474
10 0.647143 0.263158 0.035714 0.028421
5 0.685714 0.264474 0.038571 0.028947
2 0.728214 0.266053 0.039286 0.028947
33 0.768571 0.266053 0.035714 0.030000
36 0.805714 0.266053 0.032857 0.028947
26 0.175714 0.305526 0.038571 0.028947
37 0.219286 0.303421 0.038571 0.028947
8 0.251786 0.302105 0.022143 0.029474
11 0.280714 0.301842 0.032857 0.028947
26 0.318214 0.301316 0.036429 0.028947
20 0.357857 0.301316 0.041429 0.028947
27 0.398929 0.301579 0.036429 0.029474
18 0.439643 0.301842 0.042143 0.028947
30 0.482500 0.302632 0.036429 0.029474
0 0.519286 0.303158 0.030000 0.028421
19 0.552857 0.304474 0.030000 0.030000
1 0.587500 0.305526 0.036429 0.030000
31 0.630000 0.306842 0.041429 0.029474
16 0.673571 0.308421 0.038571 0.029474
17 0.713929 0.308947 0.030714 0.029474
18 0.748929 0.310263 0.036429 0.028947
21 0.791429 0.310263 0.044286 0.028947
37 0.181071 0.348684 0.040714 0.028947
24 0.222857 0.347105 0.037143 0.028947
5 0.261786 0.346053 0.039286 0.028947
35 0.307143 0.345000 0.040000 0.028947
12 0.353929 0.345263 0.043571 0.029474
26 0.396071 0.345000 0.035000 0.028947
37 0.434286 0.345526 0.037143 0.028947
1 0.472143 0.346053 0.035714 0.028947
29 0.502500 0.346842 0.015000 0.029474
17 0.533929 0.347895 0.036429 0.029474
9 0.571786 0.348684 0.032143 0.030000
4 0.608214 0.349737 0.037857 0.028947
30 0.648214 0.351579 0.035000 0.028421
20 0.687143 0.352105 0.031429 0.029474
14 0.718929 0.352632 0.029286 0.029474
27 0.753571 0.353421 0.034286 0.028947
32 0.793571 0.353684 0.034286 0.029474
15 0.178929 0.390789 0.030714 0.028947
4 0.216429 0.390000 0.035714 0.029474
34 0.255714 0.388421 0.038571 0.028421
1 0.297857 0.387895 0.038571 0.029474
28 0.331786 0.387368 0.025000 0.028421
34 0.368929 0.387368 0.037857 0.029474
20 0.405000 0.387368 0.031429 0.028421
12 0.443571 0.388158 0.038571 0.028947
32 0.483929 0.388684 0.032143 0.028947
0 0.520000 0.389737 0.035714 0.028947
29 0.550357 0.390526 0.019286 0.029474
28 0.575714 0.391316 0.028571 0.028947
33 0.610714 0.392368 0.037143 0.028947
2 0.654286 0.393421 0.040000 0.028947
13 0.699643 0.394211 0.043571 0.029474
7 0.746071 0.395000 0.037857 0.028947
5 0.788571 0.395526 0.041429 0.028947
3 0.182143 0.435263 0.037143 0.029474
37 0.225000 0.433947 0.038571 0.028947
12 0.266429 0.432105 0.035714 0.028421
17 0.303929 0.431579 0.037857 0.029474
24 0.345357 0.431316 0.042143 0.028947
11 0.384643 0.431579 0.027857 0.029474
13 0.422143 0.431579 0.040000 0.029474
27 0.463571 0.432368 0.034286 0.028947
31 0.502143 0.433158 0.035714 0.029474
15 0.537143 0.434211 0.028571 0.029474
17 0.571071 0.434737 0.032143 0.029474
26 0.610714 0.435789 0.038571 0.029474
24 0.651786 0.436579 0.037857 0.028947
19 0.685357 0.437895 0.027857 0.029474
17 0.722143 0.438158 0.034286 0.028947
35 0.758571 0.438684 0.035714 0.028947
1 0.798571 0.439474 0.034286 0.029474
19 0.166429 0.483421 0.025714 0.028947
5 0.204643 0.482105 0.043571 0.029474
18 0.248571 0.480526 0.040000 0.029474
0 0.286071 0.479211 0.032143 0.028947
8 0.313214 0.479211 0.017857 0.028947
9 0.342857 0.479211 0.032857 0.028947
23 0.378214 0.478947 0.030714 0.029474
30 0.416429 0.479474 0.038571 0.029474
30 0.455714 0.480000 0.035714 0.029474
28 0.491786 0.480526 0.032143 0.029474
23 0.530000 0.481579 0.038571 0.029474
23 0.571429 0.482632 0.040000 0.029474
3 0.615714 0.483421 0.038571 0.028947
9 0.655357 0.484474 0.030714 0.028947
23 0.695357 0.485263 0.039286 0.029474
24 0.736429 0.486053 0.034286 0.028947
35 0.774643 0.486579 0.037857 0.028947
27 0.814286 0.486316 0.034286 0.029474
10 0.178571 0.527368 0.037143 0.029474
2 0.233214 0.525789 0.063571 0.029474
33 0.283929 0.523684 0.033571 0.028421
4 0.317857 0.523684 0.030000 0.029474
28 0.355357 0.523947 0.039286 0.028947
34 0.395714 0.523684 0.037143 0.029474
3 0.435714 0.523684 0.040000 0.029474
0 0.472143 0.524211 0.030000 0.028421
34 0.511071 0.524737 0.040714 0.029474
17 0.553929 0.526316 0.035000 0.029474
27 0.591786 0.527368 0.035000 0.029474
17 0.633214 0.527895 0.042143 0.029474
37 0.676429 0.528947 0.035714 0.028421
33 0.716786 0.529474 0.037857 0.029474
8 0.749643 0.530263 0.017857 0.030000
4 0.785000 0.530526 0.045714 0.029474
17 0.172500 0.571053 0.029286 0.029474
22 0.210000 0.570000 0.038571 0.029474
20 0.254286 0.568947 0.040000 0.029474
7 0.292857 0.567895 0.034286 0.029474
10 0.330357 0.567632 0.037857 0.028947
16 0.368929 0.567632 0.032143 0.028947
1 0.406786 0.567105 0.035000 0.028947
3 0.445000 0.568158 0.035714 0.030000
33 0.480714 0.568421 0.032857 0.028421
22 0.521429 0.569211 0.038571 0.028947
37 0.563929 0.570000 0.039286 0.029474
27 0.604286 0.571316 0.035714 0.028947
36 0.642500 0.571842 0.036429 0.028947
2 0.679286 0.573158 0.032857 0.029474
20 0.717857 0.573158 0.035714 0.029474
15 0.755714 0.574211 0.032857 0.029474
19 0.787857 0.574737 0.028571 0.028421
19 0.185000 0.615263 0.038571 0.029474
0 0.222857 0.613684 0.030000 0.029474
36 0.258214 0.613158 0.037857 0.029474
12 0.301786 0.612105 0.037857 0.029474
33 0.341071 0.611579 0.036429 0.029474
36 0.381071 0.611579 0.032143 0.029474
5 0.421429 0.611842 0.041429 0.028947
9 0.460000 0.612368 0.030000 0.028947
37 0.500000 0.613158 0.038571 0.029474
35 0.546071 0.614211 0.045000 0.029474
27 0.590000 0.615263 0.038571 0.029474
33 0.627857 0.615789 0.035714 0.029474
12 0.670357 0.617105 0.042143 0.028947
32 0.711786 0.617368 0.035000 0.029474
9 0.747857 0.618421 0.035714 0.029474
0 0.785000 0.618947 0.030000 0.029474
35 0.820357 0.619211 0.033571 0.028947
24 0.177143 0.656842 0.038571 0.029474
19 0.215714 0.655000 0.035714 0.028947
32 0.253214 0.653684 0.035000 0.029474
8 0.283929 0.652632 0.020714 0.029474
21 0.313214 0.652895 0.029286 0.028947
12 0.348571 0.652632 0.040000 0.028421
1 0.388214 0.652105 0.032143 0.028421
20 0.423571 0.652895 0.032857 0.028947
0 0.461071 0.653421 0.033571 0.028947
27 0.500000 0.654211 0.038571 0.029474
30 0.537500 0.655000 0.035000 0.028947
23 0.573571 0.655789 0.031429 0.029474
6 0.610357 0.656579 0.039286 0.028947
21 0.649286 0.657105 0.031429 0.028947
36 0.686429 0.658158 0.035714 0.028947
32 0.731429 0.658947 0.042857 0.029474
24 0.777500 0.660000 0.045000 0.029474
19 0.819286 0.660000 0.030000 0.029474
1 0.176071 0.705000 0.029286 0.028947
37 0.212143 0.703421 0.035714 0.028947
11 0.250357 0.702632 0.029286 0.029474
19 0.283929 0.701842 0.026429 0.028947
28 0.318214 0.701579 0.032143 0.028421
13 0.353929 0.701316 0.032143 0.028947
0 0.388571 0.701053 0.028571 0.029474
15 0.418214 0.701053 0.023571 0.028421
23 0.452857 0.701579 0.038571 0.029474
27 0.492143 0.702368 0.032857 0.028947
11 0.523929 0.702895 0.027857 0.028947
14 0.555000 0.703421 0.031429 0.028947
37 0.596429 0.704737 0.044286 0.029474
18 0.643214 0.705789 0.039286 0.029474
31 0.686786 0.706579 0.040714 0.028947
36 0.731071 0.707368 0.039286 0.029474
5 0.772143 0.708158 0.040000 0.028947
37 0.816429 0.708421 0.038571 0.029474
24 0.175000 0.745526 0.038571 0.028947
32 0.216071 0.744737 0.037857 0.029474
13 0.255714 0.743421 0.032857 0.028947
3 0.293214 0.742632 0.036429 0.029474
4 0.331071 0.742105 0.032143 0.029474
20 0.368929 0.741842 0.040714 0.028947
17 0.409643 0.742105 0.035000 0.029474
7 0.448929 0.742368 0.035000 0.028947
28 0.489643 0.742895 0.040714 0.028947
11 0.527500 0.744211 0.032143 0.029474
24 0.566786 0.745000 0.043571 0.028947
2 0.614286 0.745789 0.047143 0.029474
8 0.650000 0.747105 0.017143 0.028947
1 0.678571 0.747105 0.035714 0.028947
7 0.718214 0.747895 0.032143 0.029474
6 0.752857 0.748684 0.032857 0.028947
19 0.789643 0.749211 0.029286 0.028947
19 0.822143 0.750000 0.031429 0.029474
28 0.173214 0.791316 0.026429 0.028947
6 0.207143 0.790526 0.037143 0.029474
8 0.237143 0.789211 0.015714 0.028947
31 0.272500 0.788684 0.045000 0.028947
29 0.308214 0.787368 0.020714 0.029474
31 0.343929 0.787632 0.042143 0.030000
22 0.391071 0.787368 0.046429 0.029474
20 0.433214 0.787632 0.030714 0.028947
6 0.472500 0.788421 0.040714 0.029474
29 0.505714 0.789474 0.021429 0.029474
26 0.541071 0.789474 0.042143 0.029474
11 0.582143 0.790526 0.032857 0.029474
4 0.616786 0.791842 0.035000 0.028947
27 0.656429 0.792368 0.035714 0.028947
20 0.694286 0.792895 0.037143 0.028947
4 0.733214 0.793684 0.037857 0.029474
25 0.775714 0.794474 0.038571 0.028947
36 0.817143 0.795263 0.040000 0.029474
