11 0.176429 0.175263 0.038571 0.029474
29 0.205357 0.173947 0.016429 0.028947
37 0.233571 0.174474 0.037143 0.030000
3 0.274286 0.174211 0.035714 0.029474
8 0.305000 0.174737 0.020000 0.029474
7 0.335000 0.175263 0.035714 0.029474
36 0.376786 0.175789 0.036429 0.029474
16 0.421429 0.176579 0.044286 0.028947
16 0.465357 0.176842 0.035000 0.028421
33 0.499643 0.176579 0.032143 0.028947
36 0.542143 0.175789 0.045714 0.029474
6 0.586786 0.175000 0.040714 0.028947
35 0.631429 0.173684 0.040000 0.029474
26 0.677500 0.172895 0.040714 0.030000
5 0.716786 0.172632 0.035000 0.029474
28 0.760000 0.173421 0.047143 0.030000
29 0.798929 0.175000 0.019286 0.028947
8 0.820714 0.176053 0.015714 0.028947
3 0.183571 0.221316 0.038571 0.028947
1 0.232500 0.220000 0.055000 0.028421
6 0.281071 0.220526 0.039286 0.029474
31 0.326429 0.220789 0.040000 0.030000
13 0.370000 0.222105 0.040000 0.029474
29 0.403214 0.222632 0.019286 0.029474
34 0.432143 0.222632 0.032857 0.029474
4 0.467143 0.222895 0.031429 0.028947
14 0.503571 0.222368 0.031429 0.028947
2 0.544643 0.221579 0.042143 0.028421
13 0.589286 0.220789 0.044286 0.028947
11 0.633214 0.220526 0.037857 0.028421
34 0.681786 0.219211 0.055000 0.028947
15 0.727500 0.219737 0.030714 0.030000
5 0.765000 0.220000 0.038571 0.029474
36 0.807500 0.221579 0.042143 0.029474
28 0.179643 0.263947 0.039286 0.027895
9 0.223571 0.262895 0.038571 0.030000
21 0.263929 0.263684 0.033571 0.029474
30 0.300714 0.263421 0.034286 0.028947
21 0.344286 0.264211 0.041429 0.029474
27 0.386786 0.265263 0.039286 0.029474
29 0.421071 0.265263 0.016429 0.029474
3 0.457857 0.265526 0.050000 0.028947
12 0.508571 0.265000 0.040000 0.028947
28 0.550357 0.264474 0.033571 0.030000
36 0.590000 0.263684 0.041429 0.029474
0 0.629286 0.262895 0.031429 0.030000
0 0.667500 0.262632 0.036429 0.029474
6 0.706786 0.262105 0.035000 0.028421
24 0.748214 0.263158 0.039286 0.029474
34 0.787143 0.263684 0.034286 0.028421
8 0.813571 0.265263 0.015714 0.029474
3 0.180357 0.310263 0.040714 0.028947
7 0.218214 0.309737 0.032143 0.028947
1 0.260000 0.308947 0.041429 0.029474
11 0.294286 0.309474 0.025714 0.028421
25 0.330357 0.310526 0.039286 0.029474
21 0.372857 0.311053 0.040000 0.029474
14 0.414643 0.310789 0.033571 0.028947
36 0.450357 0.311316 0.029286 0.028947
6 0.484643 0.311053 0.035000 0.028421
5 0.529286 0.310789 0.042857 0.028947
7 0.569643 0.310000 0.033571 0.029474
25 0.608214 0.309211 0.035000 0.028947
9 0.647143 0.308684 0.032857 0.028947
19 0.683214 0.308421 0.032143 0.029474
10 0.719286 0.308421 0.038571 0.029474
24 0.760357 0.309211 0.035000 0.028947
13 0.803929 0.310263 0.045000 0.028947
12 0.189643 0.353684 0.049286 0.028421
29 0.225357 0.352632 0.013571 0.028421
22 0.257143 0.353421 0.040000 0.028947
17 0.293929 0.353158 0.030714 0.029474
25 0.330357 0.353947 0.036429 0.028947
31 0.372143 0.353947 0.035714 0.028947
24 0.412500 0.354474 0.039286 0.028947
14 0.456071 0.355000 0.039286 0.028947
4 0.491071 0.354737 0.026429 0.029474
28 0.531071 0.354737 0.043571 0.029474
16 0.576071 0.353684 0.036429 0.028421
12 0.616071 0.352632 0.039286 0.029474
11 0.654286 0.351842 0.027143 0.027895
29 0.675714 0.351842 0.012857 0.028947
8 0.695357 0.351842 0.016429 0.028947
17 0.726786 0.352368 0.037857 0.028947
27 0.770714 0.353158 0.040000 0.029474
1 0.812500 0.355263 0.033571 0.029474
23 0.180357 0.397895 0.040714 0.029474
21 0.218571 0.397368 0.032857 0.029474
33 0.256786 0.397368 0.035000 0.029474
11 0.292857 0.397368 0.031429 0.029474
14 0.320714 0.397632 0.018571 0.028947
3 0.353571 0.398421 0.040000 0.029474
8 0.387857 0.398421 0.020000 0.028421
10 0.422857 0.398421 0.042857 0.028421
16 0.463214 0.398947 0.030714 0.029474
11 0.499643 0.398947 0.036429 0.029474
30 0.536429 0.397895 0.032857 0.029474
26 0.575714 0.397368 0.041429 0.028421
1 0.620000 0.396316 0.037143 0.029474
37 0.660000 0.395526 0.037143 0.028947
27 0.698214 0.396316 0.036429 0.029474
35 0.741429 0.396316 0.040000 0.029474
19 0.780000 0.397368 0.027143 0.029474
20 0.813929 0.399211 0.037857 0.028947
21 0.185000 0.443158 0.038571 0.029474
30 0.226071 0.442105 0.037857 0.029474
20 0.268214 0.442632 0.036429 0.028421
14 0.303571 0.442368 0.028571 0.028947
17 0.336429 0.442895 0.031429 0.028947
5 0.372857 0.443421 0.038571 0.028947
14 0.411071 0.443684 0.030714 0.029474
33 0.448214 0.443947 0.037857 0.028947
27 0.491429 0.443421 0.037143 0.028947
24 0.533214 0.442632 0.042143 0.029474
36 0.577143 0.442368 0.042857 0.028947
28 0.622143 0.441316 0.035714 0.030000
32 0.659643 0.441053 0.035000 0.029474
29 0.689643 0.440263 0.016429 0.028947
27 0.716786 0.440789 0.036429 0.028947
26 0.758929 0.441842 0.039286 0.028947
19 0.799643 0.442895 0.037857 0.028947
31 0.185714 0.486053 0.041429 0.030000
21 0.227143 0.485789 0.035714 0.029474
24 0.269286 0.485526 0.040000 0.030000
10 0.314286 0.486053 0.038571 0.028947
21 0.353571 0.486316 0.035714 0.028421
17 0.397143 0.486579 0.040000 0.028947
20 0.431429 0.486579 0.025714 0.028947
8 0.456786 0.486842 0.020714 0.029474
16 0.492143 0.486579 0.041429 0.028947
21 0.536429 0.485526 0.038571 0.028947
30 0.575357 0.484737 0.037857 0.029474
27 0.615000 0.483947 0.037143 0.028947
23 0.653929 0.483421 0.035000 0.028947
4 0.697857 0.483158 0.041429 0.029474
1 0.738214 0.483684 0.030714 0.028421
0 0.775000 0.484474 0.038571 0.028947
3 0.814643 0.486579 0.039286 0.028947
11 0.171071 0.526053 0.025000 0.028947
13 0.212857 0.525526 0.047143 0.030000
20 0.256429 0.526053 0.034286 0.028947
7 0.296786 0.526053 0.036429 0.030000
32 0.334643 0.526579 0.030714 0.028947
33 0.370357 0.527105 0.030714 0.028947
19 0.412857 0.527105 0.045714 0.028947
11 0.457143 0.526842 0.032857 0.029474
7 0.493929 0.526579 0.032143 0.028947
24 0.536071 0.525789 0.042143 0.029474
4 0.580714 0.524737 0.038571 0.029474
27 0.622857 0.523684 0.035714 0.028421
12 0.661786 0.523158 0.040714 0.029474
27 0.704286 0.522895 0.038571 0.028947
26 0.744286 0.523684 0.040000 0.028421
26 0.787500 0.524474 0.042143 0.028947
11 0.183214 0.570526 0.032143 0.029474
8 0.210714 0.570789 0.014286 0.028947
7 0.238571 0.570263 0.037143 0.028947
31 0.275357 0.570526 0.033571 0.029474
4 0.315357 0.571053 0.045000 0.028421
9 0.356429 0.571579 0.034286 0.029474
18 0.399286 0.571842 0.040000 0.028947
16 0.438214 0.571842 0.033571 0.028947
6 0.479643 0.571316 0.042143 0.028947
27 0.525357 0.570263 0.037857 0.028947
22 0.566786 0.569211 0.039286 0.028947
7 0.603929 0.567895 0.026429 0.029474
28 0.639286 0.567632 0.035714 0.028947
28 0.681071 0.567105 0.042143 0.028947
14 0.722500 0.567368 0.030714 0.029474
30 0.757500 0.567895 0.035000 0.028421
27 0.796786 0.569211 0.032143 0.028947
18 0.180000 0.613947 0.037143 0.028947
20 0.220357 0.613684 0.037857 0.028421
3 0.265000 0.614474 0.038571 0.028947
30 0.303929 0.614737 0.036429 0.028421
14 0.340357 0.614737 0.030714 0.028421
34 0.380000 0.615526 0.037143 0.028947
18 0.423214 0.615526 0.039286 0.028947
6 0.463214 0.615263 0.037857 0.029474
7 0.506786 0.613684 0.040714 0.028421
18 0.548571 0.613421 0.035714 0.028947
16 0.585357 0.612105 0.035000 0.028421
3 0.623929 0.610789 0.040714 0.028947
35 0.671786 0.610789 0.043571 0.028947
3 0.714643 0.610263 0.036429 0.028947
20 0.759643 0.610526 0.042143 0.028421
8 0.792143 0.612368 0.020000 0.028947
7 0.180714 0.657632 0.037143 0.028947
5 0.221071 0.657368 0.039286 0.029474
15 0.261786 0.657105 0.033571 0.028947
22 0.302500 0.657632 0.039286 0.030000
19 0.337143 0.657632 0.018571 0.028947
28 0.371071 0.657368 0.033571 0.026316
32 0.406429 0.658421 0.032857 0.029474
10 0.446429 0.658158 0.038571 0.028947
26 0.486429 0.658158 0.038571 0.028947
14 0.524286 0.656842 0.032857 0.028421
37 0.564643 0.655526 0.037857 0.028947
33 0.601429 0.655000 0.032857 0.028947
10 0.638571 0.653947 0.038571 0.028947
1 0.678214 0.653421 0.033571 0.028947
17 0.715714 0.653158 0.032857 0.028421
26 0.754643 0.653158 0.040714 0.028421
19 0.793929 0.654474 0.029286 0.028947
35 0.183214 0.701316 0.040714 0.028947
0 0.229286 0.700526 0.038571 0.029474
2 0.273214 0.700789 0.040714 0.028947
5 0.317143 0.701053 0.035714 0.029474
30 0.356786 0.701579 0.036429 0.028421
20 0.394643 0.702632 0.033571 0.029474
35 0.432500 0.701842 0.036429 0.028947
17 0.468214 0.702105 0.029286 0.029474
14 0.504286 0.701053 0.034286 0.029474
28 0.546071 0.700263 0.039286 0.030000
25 0.586071 0.698684 0.035000 0.030000
26 0.627857 0.697895 0.041429 0.029474
30 0.671429 0.696842 0.035714 0.029474
36 0.711429 0.696579 0.038571 0.028947
0 0.753214 0.696579 0.040714 0.028947
19 0.794643 0.698158 0.033571 0.028947
13 0.182143 0.746053 0.042857 0.028947
32 0.222857 0.745526 0.034286 0.030000
29 0.256429 0.744737 0.021429 0.028421
8 0.278571 0.745526 0.018571 0.028947
23 0.307143 0.745789 0.034286 0.029474
2 0.345357 0.746316 0.039286 0.029474
9 0.389643 0.746579 0.037857 0.028947
3 0.430714 0.746579 0.035714 0.028947
9 0.469643 0.746579 0.036429 0.028947
2 0.509286 0.745789 0.035714 0.029474
25 0.544643 0.744474 0.029286 0.028947
25 0.575357 0.743684 0.030714 0.029474
12 0.613214 0.742368 0.043571 0.028947
32 0.657500 0.741842 0.040714 0.028947
10 0.700714 0.741053 0.038571 0.029474
34 0.742143 0.740789 0.038571 0.028947
15 0.781786 0.742368 0.032143 0.028947
27 0.820357 0.742895 0.035000 0.027895
1 0.176071 0.789737 0.039286 0.028947
8 0.206786 0.789211 0.017857 0.028947
30 0.234643 0.788421 0.033571 0.028421
13 0.274643 0.788947 0.040714 0.029474
33 0.314286 0.789211 0.034286 0.028947
1 0.352857 0.789474 0.034286 0.029474
28 0.388214 0.790263 0.030714 0.027895
37 0.429643 0.790526 0.042143 0.029474
23 0.468214 0.790000 0.032143 0.028421
18 0.505714 0.789737 0.040000 0.028947
14 0.543929 0.788947 0.030714 0.028421
19 0.579643 0.787895 0.030714 0.029474
7 0.618571 0.786842 0.042857 0.029474
22 0.662500 0.785526 0.040714 0.028947
37 0.706786 0.784474 0.036429 0.028947
9 0.745714 0.784737 0.038571 0.029474
17 0.788571 0.786316 0.038571 0.029474
