27 0.178571 0.178684 0.037143 0.032105
24 0.222500 0.176316 0.045000 0.031579
25 0.271071 0.174211 0.043571 0.031579
4 0.312143 0.172895 0.028571 0.031053
4 0.346786 0.172895 0.032143 0.031053
30 0.386071 0.173158 0.036429 0.031579
23 0.431429 0.174211 0.044286 0.031579
33 0.477500 0.175789 0.039286 0.031579
11 0.515357 0.176842 0.026429 0.031579
22 0.553571 0.177895 0.044286 0.031579
6 0.601786 0.178421 0.042143 0.031579
3 0.646786 0.177895 0.039286 0.030526
17 0.689643 0.177632 0.040714 0.031053
6 0.736071 0.176842 0.040714 0.031579
0 0.777143 0.175789 0.035714 0.031579
30 0.819643 0.175789 0.040714 0.031579
32 0.178571 0.227632 0.037143 0.031053
5 0.223571 0.224737 0.044286 0.031579
24 0.269643 0.223158 0.045000 0.031579
4 0.311071 0.222105 0.036429 0.030526
3 0.355357 0.222632 0.042143 0.031579
16 0.401786 0.222368 0.042143 0.031053
37 0.447500 0.223684 0.040714 0.031579
10 0.489643 0.225526 0.039286 0.031053
34 0.539643 0.226579 0.053571 0.031053
14 0.585714 0.227368 0.031429 0.031579
37 0.626429 0.227368 0.042857 0.031579
1 0.681429 0.226842 0.055714 0.031579
36 0.728571 0.225526 0.035714 0.031053
11 0.764286 0.225000 0.027143 0.031053
35 0.801429 0.224737 0.035714 0.031579
16 0.184286 0.270263 0.038571 0.031053
8 0.214286 0.267895 0.017143 0.031579
2 0.248571 0.267368 0.045714 0.031579
15 0.291071 0.265263 0.035000 0.031579
17 0.331071 0.265263 0.036429 0.031579
15 0.369286 0.265263 0.032857 0.031579
30 0.409286 0.266053 0.041429 0.031053
30 0.452143 0.267105 0.040000 0.031053
6 0.499643 0.268158 0.046429 0.031053
14 0.543214 0.269474 0.035000 0.031579
28 0.576786 0.270526 0.029286 0.030526
5 0.615714 0.270263 0.041429 0.031053
26 0.661429 0.270263 0.041429 0.030000
4 0.702143 0.269211 0.037143 0.032105
0 0.741786 0.268684 0.039286 0.032105
5 0.785714 0.267895 0.041429 0.030526
5 0.174286 0.317105 0.040000 0.031053
9 0.213571 0.314211 0.037143 0.031579
28 0.265000 0.312632 0.060000 0.031579
19 0.317857 0.310526 0.038571 0.030526
31 0.357857 0.310789 0.037143 0.031053
29 0.391429 0.311053 0.020000 0.031579
0 0.421429 0.311579 0.034286 0.031579
20 0.460000 0.312632 0.037143 0.030526
24 0.504286 0.314474 0.045714 0.031053
13 0.549643 0.315789 0.043571 0.031579
23 0.595000 0.316053 0.040000 0.031053
24 0.645000 0.315789 0.048571 0.031579
3 0.690000 0.315526 0.038571 0.030000
19 0.729286 0.314737 0.028571 0.031579
16 0.765714 0.313684 0.041429 0.031579
16 0.808929 0.313421 0.042143 0.031053
27 0.173571 0.367368 0.037143 0.031579
28 0.222143 0.364737 0.051429 0.031579
16 0.274286 0.362105 0.042857 0.031579
16 0.317500 0.360789 0.037857 0.031053
30 0.361071 0.360526 0.040714 0.031579
16 0.401071 0.361579 0.029286 0.031579
18 0.439643 0.362632 0.043571 0.031579
21 0.488929 0.364211 0.047857 0.031579
30 0.531786 0.365263 0.036429 0.031579
9 0.573929 0.366053 0.036429 0.031053
8 0.605714 0.366579 0.024286 0.031053
1 0.642143 0.366316 0.037143 0.031579
5 0.687857 0.365789 0.044286 0.031579
18 0.737143 0.364737 0.041429 0.031579
28 0.779643 0.364211 0.039286 0.031579
23 0.182143 0.409737 0.045714 0.031053
17 0.221071 0.406842 0.022143 0.031579
18 0.261429 0.405526 0.051429 0.032105
6 0.313214 0.403947 0.042143 0.031053
37 0.358929 0.403947 0.043571 0.032105
9 0.400357 0.404737 0.037857 0.031579
33 0.443929 0.405526 0.042143 0.031053
29 0.479286 0.407368 0.022857 0.031579
34 0.515714 0.408421 0.041429 0.031579
20 0.563214 0.408947 0.042143 0.031579
32 0.613571 0.409474 0.050000 0.031579
15 0.658214 0.409474 0.032143 0.031579
26 0.696786 0.408684 0.040714 0.032105
34 0.742143 0.407895 0.040000 0.031579
12 0.786071 0.406842 0.042143 0.031579
26 0.182857 0.457368 0.045714 0.031579
11 0.221786 0.455263 0.029286 0.031579
33 0.253571 0.453421 0.030000 0.031053
2 0.292143 0.452368 0.035714 0.031053
15 0.330357 0.451579 0.033571 0.031579
20 0.374286 0.452368 0.042857 0.031053
2 0.422143 0.453421 0.044286 0.031053
29 0.456071 0.454211 0.019286 0.031579
8 0.480357 0.455263 0.019286 0.031579
30 0.511786 0.455789 0.035000 0.031579
35 0.557500 0.457105 0.047857 0.031053
31 0.604286 0.457632 0.038571 0.031053
4 0.648214 0.457895 0.042143 0.031579
36 0.697857 0.456842 0.050000 0.031579
16 0.748214 0.456053 0.045000 0.031053
13 0.795000 0.455526 0.040000 0.031053
30 0.185714 0.505789 0.041429 0.031579
23 0.232500 0.503421 0.045000 0.031053
15 0.277500 0.500789 0.035000 0.031053
8 0.312857 0.499737 0.024286 0.031053
20 0.350714 0.500000 0.041429 0.030526
7 0.390000 0.500789 0.030000 0.031053
7 0.424286 0.501579 0.035714 0.031579
17 0.464286 0.502895 0.038571 0.032105
14 0.506071 0.503947 0.037857 0.031053
30 0.549643 0.505263 0.037857 0.031579
20 0.587143 0.506316 0.031429 0.031579
36 0.626071 0.506053 0.040714 0.031053
9 0.670000 0.505789 0.040000 0.031579
16 0.711429 0.505000 0.037143 0.032105
0 0.752143 0.504211 0.038571 0.031579
29 0.782143 0.503947 0.017143 0.032105
11 0.814286 0.503947 0.041429 0.031053
33 0.173214 0.551842 0.032143 0.031053
15 0.207143 0.549474 0.030000 0.031579
31 0.244286 0.547368 0.041429 0.031579
28 0.289286 0.546053 0.045714 0.031053
32 0.335000 0.544737 0.035714 0.031579
35 0.372500 0.545526 0.036429 0.032105
17 0.415714 0.545526 0.041429 0.031053
13 0.462500 0.548158 0.042143 0.031053
28 0.499286 0.549211 0.028571 0.031053
36 0.536429 0.550263 0.040000 0.031053
8 0.570714 0.551053 0.018571 0.031579
36 0.603571 0.551579 0.040000 0.031579
35 0.645714 0.551579 0.041429 0.031579
0 0.691786 0.551053 0.040714 0.031579
32 0.734643 0.550526 0.039286 0.031579
1 0.776429 0.549474 0.038571 0.031579
18 0.182857 0.599211 0.041429 0.032105
0 0.222857 0.596842 0.032857 0.031579
34 0.264643 0.594737 0.042143 0.031579
4 0.304643 0.593421 0.033571 0.031053
4 0.340357 0.593421 0.033571 0.031053
0 0.376071 0.593158 0.033571 0.030526
28 0.414643 0.593684 0.039286 0.030526
3 0.460357 0.596053 0.043571 0.032105
15 0.499643 0.596842 0.030714 0.031579
21 0.540357 0.598684 0.042143 0.032105
35 0.583571 0.599211 0.040000 0.031053
24 0.630000 0.600000 0.042857 0.031579
27 0.673929 0.599474 0.039286 0.031579
34 0.714643 0.598684 0.037857 0.031053
14 0.754643 0.598421 0.036429 0.031579
21 0.797143 0.597632 0.042857 0.032105
8 0.163929 0.643158 0.017857 0.031579
24 0.200714 0.640789 0.045714 0.031053
3 0.248929 0.638421 0.046429 0.031579
4 0.296786 0.636316 0.039286 0.031579
25 0.341071 0.636316 0.042143 0.031579
3 0.385357 0.636579 0.042143 0.032105
6 0.430357 0.637368 0.045000 0.031579
11 0.475000 0.639211 0.035714 0.032105
35 0.523214 0.640789 0.056429 0.032105
4 0.574643 0.642632 0.039286 0.031579
29 0.608929 0.643158 0.017857 0.031579
18 0.643214 0.643158 0.045000 0.031579
31 0.686071 0.642632 0.037857 0.030526
25 0.727143 0.642105 0.040000 0.031579
11 0.765000 0.641316 0.032857 0.031053
5 0.805357 0.641316 0.046429 0.032105
4 0.180000 0.693684 0.031429 0.031579
6 0.221429 0.691316 0.045714 0.032105
29 0.258214 0.688947 0.020714 0.031579
29 0.281071 0.687368 0.019286 0.031579
31 0.315357 0.687105 0.043571 0.032105
13 0.363929 0.687105 0.045000 0.031053
33 0.409286 0.688158 0.037143 0.032105
22 0.452857 0.689474 0.042857 0.030526
23 0.499286 0.691053 0.041429 0.031579
3 0.543214 0.692632 0.040714 0.031579
11 0.579643 0.694474 0.027857 0.032105
18 0.619286 0.694474 0.048571 0.032105
26 0.670357 0.694474 0.047857 0.032105
19 0.713214 0.693947 0.035000 0.032105
7 0.750000 0.693158 0.032857 0.031579
20 0.786786 0.692895 0.030714 0.032105
6 0.178571 0.738421 0.041429 0.031579
23 0.226429 0.734737 0.045714 0.031579
2 0.276429 0.731842 0.048571 0.032105
31 0.325714 0.730526 0.038571 0.031579
16 0.365000 0.730526 0.031429 0.031579
26 0.407143 0.731316 0.042857 0.032105
10 0.451786 0.733421 0.042143 0.032105
35 0.494643 0.734737 0.039286 0.031579
7 0.532143 0.736316 0.031429 0.031579
35 0.572500 0.737368 0.043571 0.031579
6 0.619286 0.738684 0.042857 0.032105
31 0.663929 0.738421 0.036429 0.031579
12 0.706429 0.737895 0.041429 0.031579
23 0.750714 0.737368 0.042857 0.031579
6 0.797857 0.736842 0.042857 0.031579
5 0.173571 0.784737 0.041429 0.030526
18 0.218214 0.781842 0.037857 0.032105
9 0.258929 0.779474 0.035000 0.031579
23 0.300357 0.778158 0.040714 0.032105
2 0.345000 0.777368 0.041429 0.031579
6 0.387500 0.777368 0.039286 0.031579
10 0.431071 0.778947 0.039286 0.031579
20 0.474286 0.781053 0.041429 0.030526
20 0.516071 0.782895 0.032143 0.031053
23 0.551786 0.783947 0.033571 0.032105
36 0.592857 0.785000 0.040000 0.032105
13 0.640357 0.785789 0.045000 0.031579
30 0.683214 0.785526 0.039286 0.032105
33 0.721786 0.785000 0.035000 0.032105
35 0.763571 0.783947 0.044286 0.031053
15 0.812500 0.783684 0.046429 0.031579
