14 0.120000 0.138158 0.035714 0.031053
36 0.157500 0.139211 0.036429 0.031053
5 0.199643 0.139737 0.045000 0.031053
17 0.243571 0.140000 0.031429 0.030526
3 0.284286 0.140000 0.040000 0.030526
18 0.329286 0.139474 0.042857 0.030526
36 0.375000 0.138158 0.041429 0.030000
28 0.427500 0.136316 0.049286 0.031579
13 0.478214 0.133684 0.043571 0.030526
13 0.526429 0.131053 0.044286 0.030526
12 0.572500 0.128947 0.043571 0.030526
17 0.613571 0.128684 0.034286 0.030000
12 0.662143 0.127895 0.051429 0.030526
29 0.700357 0.128947 0.013571 0.030526
19 0.731786 0.129211 0.036429 0.030000
23 0.777500 0.131316 0.046429 0.031053
19 0.819643 0.134211 0.033571 0.030526
6 0.863214 0.136579 0.043571 0.031053
22 0.123214 0.185000 0.045000 0.031053
35 0.171786 0.185789 0.042143 0.030526
33 0.217500 0.186053 0.036429 0.031053
26 0.260714 0.186842 0.042857 0.030526
7 0.304643 0.186316 0.036429 0.030526
12 0.348571 0.185526 0.042857 0.031053
2 0.397143 0.183421 0.047143 0.031053
16 0.445357 0.180789 0.039286 0.031053
9 0.488214 0.178684 0.037857 0.030000
3 0.530357 0.176579 0.043571 0.030000
16 0.575714 0.175000 0.035714 0.030000
36 0.619286 0.173947 0.038571 0.030000
6 0.663929 0.173684 0.046429 0.030526
10 0.707857 0.174737 0.037143 0.030526
20 0.750000 0.176579 0.037143 0.030000
10 0.790000 0.178684 0.038571 0.031053
28 0.832857 0.181316 0.034286 0.030000
35 0.125714 0.229474 0.045714 0.030526
12 0.172500 0.230526 0.045000 0.030526
29 0.204643 0.231053 0.016429 0.030526
34 0.238929 0.231053 0.043571 0.030526
34 0.285714 0.231053 0.044286 0.030526
8 0.325357 0.230263 0.022143 0.030000
35 0.363571 0.229211 0.042857 0.030000
21 0.408571 0.226842 0.040000 0.030526
7 0.450357 0.225000 0.039286 0.031053
14 0.493571 0.222632 0.034286 0.030526
31 0.535714 0.220000 0.041429 0.029474
11 0.575357 0.218947 0.029286 0.030526
9 0.609643 0.217895 0.035000 0.030526
26 0.653571 0.217632 0.041429 0.030000
7 0.695357 0.218684 0.035000 0.030000
13 0.736071 0.219474 0.043571 0.029474
5 0.781071 0.221842 0.042143 0.031053
32 0.826786 0.225000 0.045000 0.031053
1 0.874643 0.228684 0.039286 0.030000
13 0.126786 0.277105 0.045000 0.031053
20 0.172143 0.277368 0.037143 0.029474
25 0.218571 0.278684 0.047143 0.031053
15 0.265714 0.278158 0.037143 0.030000
30 0.307500 0.277895 0.037857 0.030526
14 0.350000 0.277105 0.032857 0.030000
15 0.383571 0.275789 0.031429 0.030526
21 0.424643 0.273684 0.042143 0.031579
35 0.473214 0.270526 0.043571 0.031579
10 0.517500 0.267895 0.037857 0.030526
0 0.557143 0.266579 0.037143 0.030000
32 0.600714 0.265263 0.037143 0.030526
14 0.639643 0.264211 0.033571 0.030526
27 0.677857 0.264737 0.040000 0.030526
36 0.719643 0.265789 0.039286 0.030526
6 0.766071 0.267895 0.042143 0.030526
34 0.811786 0.271316 0.037857 0.030000
18 0.857857 0.274737 0.041429 0.030526
14 0.114643 0.320789 0.033571 0.031053
22 0.161071 0.321842 0.047857 0.031053
15 0.205357 0.322105 0.032143 0.030526
7 0.242857 0.322632 0.037143 0.030526
23 0.280357 0.323158 0.035000 0.030526
37 0.319286 0.322368 0.040000 0.030000
34 0.364286 0.320789 0.044286 0.031053
0 0.410000 0.318947 0.035714 0.030526
0 0.447857 0.316579 0.035714 0.031053
37 0.490000 0.314474 0.041429 0.030000
30 0.535357 0.312105 0.037857 0.031579
2 0.577857 0.310263 0.041429 0.030000
31 0.622500 0.308947 0.042143 0.030526
9 0.666071 0.308947 0.035000 0.030526
35 0.711071 0.310526 0.045000 0.030526
18 0.760000 0.312105 0.044286 0.030526
8 0.796429 0.315263 0.020000 0.030526
28 0.829643 0.317105 0.032143 0.030000
26 0.871429 0.320000 0.040000 0.030526
27 0.120000 0.367632 0.037143 0.030000
30 0.165000 0.368421 0.041429 0.030526
37 0.208571 0.368684 0.041429 0.031053
9 0.255000 0.369474 0.040000 0.030526
8 0.290000 0.369211 0.018571 0.030000
28 0.329643 0.369211 0.049286 0.030000
24 0.377143 0.367105 0.040000 0.030000
6 0.420000 0.365263 0.041429 0.030526
12 0.467143 0.362105 0.045714 0.031579
7 0.513929 0.359211 0.036429 0.031053
12 0.556429 0.357368 0.045714 0.030526
29 0.592857 0.356053 0.024286 0.031053
18 0.627857 0.355789 0.040000 0.030526
34 0.673214 0.355789 0.046429 0.030526
34 0.725000 0.357368 0.044286 0.030526
26 0.771786 0.359737 0.043571 0.030000
35 0.816429 0.362895 0.038571 0.031053
20 0.861071 0.365526 0.043571 0.030000
9 0.120000 0.415789 0.031429 0.030526
24 0.157143 0.416579 0.040000 0.031053
19 0.196429 0.417105 0.032857 0.030000
16 0.233929 0.417368 0.037857 0.030526
11 0.274286 0.417895 0.030000 0.030526
36 0.318929 0.417368 0.049286 0.030526
27 0.367143 0.415789 0.038571 0.030526
2 0.412500 0.414211 0.042143 0.030526
16 0.457500 0.411842 0.036429 0.031053
17 0.499643 0.409211 0.036429 0.030000
30 0.540714 0.406842 0.034286 0.031579
31 0.584286 0.405526 0.038571 0.030000
22 0.628929 0.404737 0.046429 0.030526
5 0.681429 0.405000 0.045714 0.030000
11 0.722143 0.406053 0.028571 0.031053
5 0.766071 0.407632 0.045000 0.030000
22 0.813571 0.410789 0.040000 0.030000
16 0.858214 0.413947 0.040714 0.031053
10 0.127500 0.457895 0.052143 0.029474
4 0.171786 0.458158 0.032143 0.030000
13 0.211786 0.459211 0.042143 0.030000
15 0.251786 0.459211 0.032143 0.030000
2 0.293214 0.459211 0.039286 0.030000
13 0.338929 0.458421 0.042143 0.030526
9 0.383214 0.457105 0.036429 0.030000
15 0.424286 0.455526 0.037143 0.030000
5 0.468929 0.453421 0.046429 0.031053
16 0.514643 0.450789 0.042143 0.030000
4 0.560714 0.448684 0.041429 0.031053
9 0.602143 0.447105 0.035714 0.030000
23 0.642500 0.446842 0.042143 0.030526
13 0.689643 0.447368 0.043571 0.030526
0 0.732857 0.448421 0.032857 0.029474
37 0.776429 0.450263 0.045714 0.031053
24 0.823571 0.453158 0.044286 0.029474
32 0.870000 0.456842 0.038571 0.030526
21 0.117857 0.502105 0.041429 0.030526
28 0.156071 0.502895 0.025000 0.030000
27 0.195000 0.503684 0.041429 0.030526
31 0.242857 0.503684 0.042857 0.030526
16 0.285000 0.504211 0.034286 0.030526
37 0.328929 0.503684 0.045000 0.030526
30 0.372500 0.502368 0.035000 0.031053
15 0.406786 0.501316 0.030714 0.030000
3 0.441786 0.499737 0.036429 0.031053
26 0.483214 0.497632 0.040714 0.030000
24 0.531786 0.495526 0.046429 0.030000
23 0.576786 0.493158 0.039286 0.030526
17 0.616786 0.492105 0.030714 0.030526
10 0.653571 0.491842 0.035714 0.030000
2 0.696786 0.492632 0.045000 0.030526
37 0.743929 0.493947 0.040714 0.030000
2 0.786071 0.495789 0.037857 0.030526
20 0.827500 0.498947 0.035000 0.029474
8 0.856429 0.501316 0.020000 0.030000
21 0.119286 0.551053 0.038571 0.030526
3 0.163214 0.551053 0.045000 0.030526
37 0.210000 0.551842 0.041429 0.031053
8 0.245000 0.552105 0.020000 0.030526
26 0.286786 0.552368 0.050714 0.031053
28 0.340714 0.551579 0.050000 0.030526
28 0.385357 0.550526 0.030714 0.030526
28 0.427143 0.549211 0.044286 0.031053
1 0.474286 0.546579 0.037143 0.031053
10 0.516071 0.544474 0.037857 0.031053
32 0.556429 0.543158 0.037143 0.030526
3 0.597500 0.541053 0.042143 0.030526
6 0.641429 0.541053 0.042857 0.030526
13 0.689643 0.540789 0.045000 0.031053
15 0.734286 0.542105 0.035714 0.030526
7 0.777143 0.544211 0.038571 0.030526
10 0.820714 0.546316 0.041429 0.030526
35 0.863571 0.549211 0.041429 0.031053
17 0.114286 0.593947 0.028571 0.030000
25 0.149286 0.594737 0.038571 0.030526
24 0.194643 0.594737 0.046429 0.030526
32 0.239643 0.595789 0.037857 0.030526
1 0.283214 0.595526 0.043571 0.031053
29 0.317857 0.595526 0.017143 0.030000
17 0.345000 0.595000 0.034286 0.030000
14 0.381071 0.594474 0.032143 0.031053
12 0.424643 0.592105 0.043571 0.030526
29 0.464643 0.590789 0.022143 0.031053
1 0.497143 0.589737 0.037143 0.031053
9 0.539286 0.587368 0.035714 0.030526
15 0.579286 0.586579 0.035714 0.030000
36 0.623929 0.585000 0.045000 0.030000
8 0.660357 0.585000 0.020714 0.031053
21 0.693929 0.584737 0.035000 0.030526
34 0.737143 0.586053 0.040000 0.030000
5 0.785714 0.588158 0.045714 0.031053
26 0.835714 0.591053 0.042857 0.031579
13 0.118214 0.640526 0.033571 0.030526
0 0.157500 0.641316 0.035000 0.030000
31 0.199286 0.642368 0.041429 0.031053
23 0.245714 0.642368 0.037143 0.031053
33 0.286786 0.642632 0.036429 0.030526
14 0.326786 0.642632 0.033571 0.030526
33 0.365357 0.641579 0.036429 0.029474
4 0.404643 0.640526 0.036429 0.030526
13 0.449286 0.638684 0.041429 0.031053
25 0.492500 0.636842 0.042143 0.030526
25 0.539643 0.634737 0.043571 0.030526
26 0.585357 0.633158 0.043571 0.030526
14 0.624643 0.632632 0.030714 0.030526
16 0.665714 0.632105 0.041429 0.030526
10 0.710000 0.631842 0.038571 0.030000
9 0.751071 0.633684 0.037857 0.030526
14 0.792500 0.635789 0.033571 0.030526
29 0.823571 0.637632 0.024286 0.030000
20 0.858214 0.639737 0.033571 0.030000
29 0.113214 0.688684 0.019286 0.030000
11 0.143929 0.689211 0.032143 0.031053
35 0.182500 0.689737 0.040714 0.031053
35 0.231786 0.690263 0.045000 0.031053
35 0.278929 0.690526 0.042143 0.030526
36 0.325714 0.690526 0.045714 0.030526
20 0.372500 0.689211 0.037857 0.031053
4 0.416786 0.688158 0.042143 0.031053
34 0.460714 0.686316 0.042857 0.030526
25 0.502500 0.684211 0.037857 0.030526
37 0.543929 0.682368 0.039286 0.030000
29 0.576786 0.681053 0.015000 0.030526
18 0.609643 0.680789 0.045000 0.031053
36 0.655714 0.680000 0.044286 0.030526
18 0.703214 0.680526 0.045000 0.030526
36 0.745357 0.681579 0.035000 0.030526
28 0.785000 0.683158 0.034286 0.030526
17 0.827500 0.685526 0.037857 0.031053
24 0.871786 0.688421 0.042143 0.029474
29 0.118571 0.732368 0.014286 0.030000
9 0.155714 0.732632 0.050000 0.030526
29 0.192500 0.733158 0.020714 0.030526
14 0.223571 0.733947 0.037143 0.030000
9 0.268214 0.734211 0.039286 0.030526
10 0.314643 0.734211 0.039286 0.030526
1 0.361429 0.733421 0.041429 0.031053
30 0.403929 0.732105 0.035000 0.030526
17 0.438214 0.730526 0.029286 0.030526
8 0.463214 0.729211 0.017857 0.031053
8 0.487500 0.728421 0.017857 0.030526
29 0.510000 0.727105 0.017143 0.031053
15 0.536071 0.726316 0.029286 0.030526
19 0.572143 0.725263 0.035714 0.030526
25 0.612857 0.723947 0.035714 0.031053
0 0.651786 0.723684 0.035000 0.030526
26 0.691786 0.724211 0.040714 0.030526
30 0.735714 0.724737 0.040000 0.030526
8 0.771071 0.726053 0.017857 0.030000
9 0.806071 0.727895 0.039286 0.030526
37 0.853214 0.730000 0.043571 0.030526
26 0.124286 0.781842 0.040000 0.031053
33 0.168571 0.782632 0.038571 0.030526
25 0.216071 0.783158 0.043571 0.030526
37 0.258214 0.783421 0.037857 0.031053
30 0.300357 0.783684 0.042143 0.030526
30 0.345357 0.783158 0.039286 0.030526
13 0.392143 0.782105 0.047143 0.030526
5 0.443929 0.780263 0.045000 0.031053
22 0.490000 0.778421 0.044286 0.031579
35 0.540000 0.776579 0.051429 0.031053
8 0.581071 0.774474 0.023571 0.031053
36 0.619643 0.773158 0.039286 0.030526
30 0.663929 0.773158 0.036429 0.030526
6 0.705357 0.773421 0.043571 0.031053
12 0.749286 0.775263 0.041429 0.030526
35 0.790714 0.776316 0.038571 0.030526
29 0.820000 0.778947 0.017143 0.030526
36 0.850714 0.780526 0.037143 0.031579
18 0.122857 0.824211 0.042857 0.030526
9 0.169643 0.824737 0.037857 0.031579
32 0.212857 0.825263 0.040000 0.030526
13 0.258929 0.825789 0.043571 0.030526
34 0.304643 0.826316 0.039286 0.030526
37 0.349643 0.825263 0.037857 0.030526
13 0.394643 0.824211 0.045000 0.030526
26 0.444643 0.822895 0.040714 0.030000
14 0.492857 0.820526 0.045714 0.031579
4 0.536786 0.818684 0.036429 0.031053
6 0.580714 0.816842 0.040000 0.030526
26 0.625357 0.816316 0.039286 0.030526
37 0.666786 0.815526 0.037857 0.030000
9 0.708214 0.815789 0.037857 0.030526
10 0.748214 0.817368 0.037857 0.030526
33 0.786786 0.818947 0.035000 0.030526
16 0.825714 0.820789 0.038571 0.031053
4 0.863929 0.823684 0.035000 0.030526
