20 0.185000 0.178947 0.041429 0.030526
30 0.226786 0.177368 0.037857 0.031579
22 0.272143 0.176053 0.042857 0.031053
8 0.305357 0.175263 0.019286 0.031579
8 0.328929 0.174737 0.020714 0.031579
33 0.359643 0.174211 0.037857 0.031579
30 0.400357 0.174211 0.035000 0.031579
9 0.453214 0.174211 0.062143 0.031579
35 0.511071 0.174211 0.045000 0.031579
27 0.558214 0.175789 0.039286 0.031579
2 0.603929 0.176842 0.045000 0.031579
35 0.651786 0.177895 0.043571 0.031579
29 0.689643 0.179211 0.020714 0.032105
27 0.720357 0.180000 0.036429 0.031579
22 0.764286 0.181053 0.044286 0.031579
37 0.811071 0.182368 0.042143 0.031053
8 0.172143 0.225263 0.022857 0.030526
17 0.201429 0.224211 0.034286 0.031579
27 0.240000 0.222895 0.037143 0.031053
18 0.280000 0.221579 0.038571 0.031579
37 0.324643 0.220526 0.042143 0.031579
21 0.367500 0.220526 0.040714 0.031579
14 0.411071 0.220000 0.035000 0.031579
14 0.447857 0.220000 0.031429 0.031579
1 0.485357 0.220526 0.036429 0.031579
32 0.526071 0.220526 0.037857 0.031579
21 0.571786 0.221842 0.043571 0.031053
21 0.616429 0.222895 0.042857 0.031053
14 0.658929 0.223947 0.035000 0.031053
10 0.702143 0.225263 0.041429 0.031579
35 0.746786 0.226316 0.040714 0.031579
28 0.790000 0.227632 0.034286 0.031053
18 0.187857 0.270000 0.048571 0.031579
31 0.233571 0.267895 0.038571 0.031579
3 0.275000 0.266579 0.037143 0.031053
19 0.314286 0.265789 0.035714 0.031579
37 0.355000 0.265789 0.038571 0.031579
12 0.398929 0.265263 0.046429 0.030526
18 0.446786 0.265000 0.043571 0.031053
31 0.499643 0.265263 0.052143 0.031579
29 0.539286 0.266053 0.018571 0.031053
20 0.573214 0.266842 0.040714 0.031579
34 0.614643 0.267632 0.035000 0.031053
7 0.653929 0.268684 0.036429 0.031053
31 0.696786 0.270000 0.042143 0.031579
2 0.739643 0.271316 0.040714 0.031053
25 0.787500 0.272632 0.045000 0.031579
26 0.184286 0.317895 0.041429 0.030526
15 0.221786 0.316316 0.030714 0.031579
21 0.261071 0.315526 0.040714 0.031053
25 0.304286 0.314474 0.041429 0.031053
18 0.346071 0.313158 0.036429 0.031579
22 0.391429 0.313158 0.047143 0.031579
17 0.437857 0.312895 0.037143 0.031053
4 0.478571 0.313158 0.041429 0.031579
9 0.518929 0.313684 0.037857 0.031579
33 0.562143 0.314211 0.037143 0.031579
18 0.601786 0.315263 0.036429 0.031579
4 0.641786 0.316316 0.040714 0.031579
37 0.688929 0.317368 0.042143 0.031579
36 0.735714 0.319211 0.041429 0.032105
14 0.777857 0.320263 0.037143 0.031053
34 0.817857 0.321316 0.040000 0.031053
17 0.179286 0.366053 0.032857 0.031053
18 0.220000 0.363947 0.044286 0.031053
16 0.265357 0.362895 0.035000 0.032105
8 0.296786 0.361842 0.022143 0.031053
23 0.330714 0.361316 0.041429 0.031053
11 0.372500 0.361316 0.037857 0.031053
29 0.402857 0.360789 0.020000 0.031053
24 0.432500 0.360526 0.035000 0.031579
6 0.475714 0.360789 0.044286 0.032105
13 0.528571 0.361316 0.057143 0.031053
7 0.576786 0.362105 0.035000 0.031579
12 0.621429 0.363684 0.047143 0.031579
17 0.667143 0.365000 0.032857 0.032105
19 0.699286 0.365789 0.028571 0.031579
13 0.738571 0.366579 0.041429 0.031053
14 0.781429 0.368421 0.034286 0.031579
14 0.820000 0.369474 0.035714 0.031579
19 0.183214 0.408947 0.035000 0.031579
21 0.225714 0.407105 0.042857 0.031053
32 0.273929 0.405526 0.045000 0.031053
27 0.315714 0.404474 0.034286 0.031053
13 0.361429 0.403947 0.047143 0.031053
2 0.410000 0.403421 0.042857 0.031053
23 0.458214 0.403684 0.045000 0.031579
18 0.505357 0.403947 0.045000 0.032105
8 0.540000 0.404737 0.018571 0.031579
26 0.576071 0.405263 0.043571 0.031579
2 0.620000 0.406316 0.041429 0.031579
32 0.663571 0.407895 0.040000 0.031579
8 0.697143 0.408947 0.020000 0.031579
1 0.729643 0.409474 0.042143 0.031579
35 0.772500 0.410789 0.039286 0.032105
21 0.811786 0.412368 0.036429 0.031053
24 0.182857 0.458947 0.045714 0.031579
7 0.225357 0.457368 0.036429 0.031579
4 0.268571 0.456316 0.040000 0.031579
7 0.313571 0.455526 0.038571 0.031053
4 0.350714 0.454474 0.028571 0.031053
33 0.385000 0.454211 0.034286 0.031579
33 0.426786 0.454211 0.037857 0.031579
7 0.463214 0.454474 0.033571 0.031053
34 0.505714 0.454737 0.047143 0.031579
11 0.543929 0.455526 0.027857 0.031053
23 0.580000 0.456053 0.040000 0.032105
6 0.625357 0.457105 0.042143 0.031053
26 0.671429 0.458947 0.041429 0.031579
24 0.717857 0.459474 0.042857 0.031579
1 0.765000 0.461579 0.042857 0.031579
7 0.809643 0.462632 0.035000 0.031579
13 0.177500 0.501579 0.040714 0.031579
17 0.220000 0.499737 0.038571 0.032105
3 0.268929 0.498947 0.053571 0.031579
3 0.318929 0.497632 0.037857 0.031053
3 0.360714 0.497105 0.040000 0.032105
16 0.404286 0.496842 0.041429 0.031579
28 0.445357 0.496579 0.035000 0.032105
5 0.488929 0.497105 0.042143 0.031053
36 0.531429 0.497632 0.037143 0.032105
35 0.572500 0.498158 0.040714 0.031053
20 0.618214 0.499211 0.040714 0.031053
7 0.661786 0.500526 0.035000 0.031579
26 0.700357 0.501842 0.039286 0.031053
14 0.754286 0.503158 0.064286 0.031579
14 0.803571 0.505263 0.032857 0.031579
17 0.176429 0.550263 0.038571 0.032105
34 0.220000 0.548421 0.042857 0.031579
10 0.260714 0.547105 0.035714 0.031053
25 0.302143 0.546316 0.044286 0.031579
27 0.349643 0.545789 0.039286 0.031579
13 0.391786 0.545263 0.036429 0.031579
32 0.433929 0.545263 0.036429 0.031579
12 0.478214 0.545789 0.045000 0.031579
11 0.520000 0.546316 0.030000 0.031579
22 0.560714 0.547368 0.042857 0.031579
7 0.603571 0.547895 0.035714 0.031579
6 0.647857 0.549474 0.042857 0.031579
17 0.687143 0.550526 0.030000 0.031579
6 0.728214 0.551316 0.040714 0.032105
29 0.761429 0.553158 0.017143 0.031579
23 0.790000 0.553421 0.032857 0.032105
11 0.179286 0.599474 0.025714 0.031579
34 0.218571 0.598421 0.044286 0.031579
3 0.264286 0.596579 0.042857 0.031053
21 0.309643 0.595789 0.042143 0.031579
31 0.352857 0.595000 0.034286 0.032105
37 0.397500 0.595000 0.045000 0.032105
13 0.443929 0.595000 0.043571 0.031053
30 0.490714 0.595263 0.038571 0.031579
16 0.532857 0.596053 0.038571 0.032105
3 0.576786 0.597105 0.042143 0.032105
14 0.615714 0.598421 0.031429 0.031579
27 0.652857 0.598947 0.038571 0.031579
18 0.692500 0.600526 0.037857 0.031579
35 0.736429 0.601579 0.040000 0.031579
20 0.779643 0.603421 0.036429 0.032105
10 0.820357 0.604474 0.036429 0.032105
27 0.173571 0.647895 0.040000 0.031579
13 0.220714 0.645526 0.045714 0.032105
33 0.265357 0.643947 0.037857 0.031053
13 0.310714 0.643158 0.045714 0.031579
36 0.357500 0.642632 0.040714 0.031579
24 0.402143 0.642632 0.044286 0.031579
21 0.443929 0.642632 0.033571 0.031579
23 0.476071 0.642895 0.025000 0.031053
6 0.511786 0.643421 0.039286 0.032105
0 0.559286 0.644474 0.044286 0.031053
35 0.603571 0.645526 0.041429 0.032105
21 0.648929 0.647105 0.040714 0.032105
19 0.689643 0.648421 0.030714 0.031579
37 0.730000 0.649211 0.041429 0.031053
5 0.773929 0.650789 0.045000 0.032105
6 0.818214 0.652105 0.039286 0.031579
7 0.175357 0.692105 0.037857 0.031579
33 0.217143 0.690263 0.034286 0.031053
34 0.261071 0.688684 0.049286 0.031053
5 0.310000 0.687895 0.047143 0.031579
27 0.357500 0.687368 0.039286 0.031579
25 0.402500 0.686842 0.039286 0.031579
15 0.443929 0.687368 0.033571 0.031579
19 0.482500 0.687632 0.033571 0.032105
26 0.525357 0.688158 0.043571 0.031053
32 0.568571 0.689211 0.034286 0.032105
26 0.606429 0.690000 0.038571 0.031579
37 0.648214 0.691316 0.039286 0.032105
7 0.687143 0.692632 0.035714 0.031579
19 0.723214 0.694211 0.029286 0.031579
19 0.756071 0.695263 0.029286 0.031579
19 0.790000 0.695526 0.030000 0.032105
33 0.177857 0.739737 0.042857 0.032105
2 0.224286 0.737632 0.044286 0.032105
31 0.273929 0.736053 0.045000 0.032105
20 0.323571 0.735263 0.048571 0.032632
37 0.375000 0.734474 0.042857 0.032105
13 0.417500 0.734474 0.036429 0.032105
29 0.450357 0.735000 0.019286 0.032105
14 0.483214 0.735000 0.035000 0.032105
4 0.519643 0.735526 0.033571 0.032105
35 0.562500 0.736579 0.042143 0.032105
13 0.607143 0.737895 0.040000 0.031579
11 0.646786 0.738947 0.027857 0.031579
0 0.687143 0.739737 0.041429 0.032105
33 0.730714 0.741842 0.040000 0.032105
1 0.771786 0.742632 0.036429 0.031579
18 0.815357 0.743947 0.045000 0.032105
22 0.187500 0.786316 0.043571 0.031579
27 0.231429 0.784211 0.041429 0.031579
13 0.277857 0.783158 0.048571 0.031579
17 0.317143 0.782105 0.024286 0.031579
7 0.351429 0.782105 0.037143 0.031579
32 0.391429 0.781842 0.038571 0.032105
6 0.438214 0.781053 0.043571 0.031579
6 0.483571 0.781842 0.037143 0.032105
3 0.525000 0.782895 0.040000 0.032105
13 0.570714 0.783421 0.045714 0.032105
31 0.622500 0.785000 0.046429 0.032105
23 0.669643 0.786053 0.039286 0.032105
33 0.712857 0.787632 0.038571 0.032105
13 0.760000 0.789474 0.044286 0.031579
32 0.804286 0.790526 0.037143 0.031579
