35 0.181071 0.178421 0.036429 0.027368
28 0.220357 0.177895 0.036429 0.027368
14 0.256071 0.177632 0.027857 0.026842
30 0.288929 0.177105 0.033571 0.026842
0 0.326071 0.176842 0.030714 0.027368
3 0.362500 0.176053 0.036429 0.027895
28 0.404286 0.175000 0.037143 0.027895
37 0.445714 0.174211 0.034286 0.027368
4 0.485000 0.172895 0.037143 0.027895
32 0.523929 0.172368 0.030714 0.027895
11 0.556429 0.171842 0.030000 0.026842
30 0.591786 0.171579 0.035000 0.027368
36 0.625357 0.171053 0.029286 0.028421
35 0.662857 0.170789 0.038571 0.027895
26 0.703571 0.170789 0.037143 0.027895
17 0.743929 0.171579 0.035000 0.027368
6 0.779286 0.171579 0.034286 0.027368
14 0.813214 0.172632 0.027857 0.027368
32 0.172500 0.217105 0.032143 0.027895
27 0.209643 0.216842 0.032143 0.027368
3 0.248571 0.216842 0.035714 0.027368
19 0.280000 0.216053 0.024286 0.027895
27 0.315000 0.216053 0.034286 0.027895
18 0.350357 0.215263 0.035000 0.027368
2 0.389643 0.213684 0.035000 0.027368
31 0.423571 0.213421 0.025714 0.026842
11 0.450357 0.212632 0.022143 0.027368
7 0.481429 0.211579 0.032857 0.027368
12 0.518214 0.211316 0.037857 0.026842
15 0.561071 0.211053 0.037857 0.027368
1 0.600000 0.210526 0.032857 0.027368
25 0.632857 0.210263 0.030000 0.027895
36 0.670000 0.209737 0.037143 0.027895
28 0.705000 0.210263 0.022857 0.027895
23 0.739643 0.210000 0.039286 0.027368
32 0.786429 0.210526 0.044286 0.027368
16 0.175000 0.261316 0.032857 0.026842
8 0.207857 0.261053 0.024286 0.027368
28 0.236786 0.261053 0.025000 0.027368
23 0.270714 0.260526 0.037143 0.027368
28 0.310357 0.260000 0.039286 0.027368
18 0.352500 0.259474 0.036429 0.027368
22 0.392143 0.258947 0.038571 0.027368
21 0.432500 0.257368 0.039286 0.027368
11 0.467143 0.256842 0.027143 0.027368
18 0.505714 0.256053 0.037143 0.027895
12 0.551071 0.255789 0.045000 0.027368
11 0.587857 0.254737 0.024286 0.027368
19 0.618214 0.255000 0.026429 0.027895
37 0.651071 0.255000 0.036429 0.027895
16 0.687857 0.255000 0.034286 0.027895
7 0.721786 0.255263 0.026429 0.027368
3 0.758571 0.255263 0.037143 0.027368
17 0.794643 0.255526 0.029286 0.026842
6 0.179286 0.304474 0.038571 0.027895
31 0.221071 0.303947 0.039286 0.027895
16 0.258929 0.303684 0.030714 0.027368
29 0.284643 0.303158 0.017857 0.027368
10 0.312857 0.302632 0.031429 0.027368
4 0.356429 0.301842 0.047143 0.027895
3 0.400714 0.301579 0.037143 0.027368
4 0.436786 0.300526 0.029286 0.027368
16 0.471429 0.300263 0.031429 0.027895
13 0.510357 0.299474 0.040714 0.027368
34 0.556786 0.298421 0.049286 0.027368
28 0.603929 0.298421 0.036429 0.027368
0 0.641071 0.298158 0.032143 0.027895
1 0.675000 0.298158 0.034286 0.027895
3 0.713929 0.297895 0.036429 0.027368
24 0.755714 0.298421 0.038571 0.027368
9 0.795714 0.298684 0.031429 0.027895
4 0.172143 0.343684 0.034286 0.027368
19 0.211429 0.343947 0.032857 0.027895
16 0.246429 0.343684 0.028571 0.027368
23 0.281429 0.342895 0.040000 0.026842
23 0.322857 0.342105 0.032857 0.027368
1 0.361429 0.341842 0.032857 0.026842
37 0.399643 0.341053 0.036429 0.027368
29 0.428929 0.340526 0.015000 0.027368
20 0.458571 0.339737 0.034286 0.027895
21 0.502143 0.338947 0.041429 0.027368
25 0.545357 0.338684 0.035000 0.027895
37 0.585000 0.337895 0.034286 0.027368
21 0.623214 0.338158 0.039286 0.027895
30 0.663929 0.337895 0.035000 0.027368
11 0.700714 0.337895 0.028571 0.027368
12 0.740000 0.337632 0.038571 0.027895
27 0.780357 0.338421 0.032143 0.027368
4 0.811071 0.338947 0.025000 0.027368
32 0.176071 0.383158 0.030714 0.027368
24 0.211786 0.382895 0.036429 0.027895
23 0.251071 0.382632 0.036429 0.027368
12 0.293929 0.382105 0.039286 0.027368
7 0.331071 0.381316 0.032143 0.027895
37 0.369643 0.380789 0.036429 0.026842
15 0.404286 0.379474 0.030000 0.027368
11 0.432500 0.378947 0.022143 0.027368
29 0.454643 0.378421 0.012143 0.027368
8 0.471429 0.378421 0.017143 0.027368
19 0.498214 0.377895 0.033571 0.027368
5 0.538929 0.377368 0.037857 0.027368
27 0.574286 0.377368 0.030000 0.027368
4 0.607857 0.376842 0.025714 0.027368
32 0.636429 0.376842 0.030000 0.027368
37 0.674286 0.376316 0.037143 0.027368
32 0.715000 0.376316 0.032857 0.027368
16 0.750000 0.376842 0.032857 0.027368
27 0.787857 0.377368 0.035714 0.027368
19 0.177500 0.426842 0.026429 0.027368
10 0.210000 0.426842 0.032857 0.027368
16 0.246786 0.426842 0.032143 0.027368
1 0.282500 0.426316 0.032143 0.027368
2 0.319286 0.426053 0.034286 0.026842
33 0.354286 0.425263 0.031429 0.027368
13 0.397143 0.424474 0.041429 0.026842
30 0.435357 0.423421 0.033571 0.027895
2 0.473214 0.422105 0.037857 0.027368
9 0.511429 0.421842 0.031429 0.026842
27 0.546786 0.421316 0.036429 0.027895
21 0.587500 0.420526 0.039286 0.027368
28 0.625000 0.420263 0.025714 0.026842
35 0.658571 0.420263 0.037143 0.026842
23 0.699286 0.420263 0.041429 0.026842
3 0.739286 0.420263 0.034286 0.026842
16 0.777857 0.420789 0.032857 0.026842
7 0.816786 0.421579 0.037857 0.027368
27 0.183214 0.467632 0.032143 0.026842
36 0.222857 0.467105 0.040000 0.026842
26 0.262500 0.466842 0.035000 0.027368
18 0.301786 0.466316 0.039286 0.027368
34 0.342143 0.465000 0.035714 0.027895
21 0.383929 0.464737 0.036429 0.027368
12 0.422857 0.463684 0.038571 0.027368
8 0.456071 0.462632 0.017857 0.027368
28 0.486071 0.462632 0.035000 0.027368
15 0.522500 0.461579 0.029286 0.027368
25 0.557857 0.460526 0.035714 0.027368
10 0.595357 0.460000 0.033571 0.026316
28 0.635714 0.460000 0.040000 0.027368
4 0.676429 0.459474 0.031429 0.027368
17 0.712143 0.459737 0.034286 0.026842
15 0.743929 0.460000 0.026429 0.027368
15 0.776071 0.460526 0.027857 0.027368
19 0.810000 0.461053 0.034286 0.027368
33 0.180000 0.511842 0.037143 0.026842
3 0.218214 0.511579 0.033571 0.027368
1 0.252857 0.511316 0.034286 0.027895
26 0.293571 0.510526 0.035714 0.027368
12 0.335000 0.509737 0.038571 0.027895
32 0.375714 0.508947 0.034286 0.027368
3 0.413929 0.507895 0.033571 0.027368
23 0.450357 0.506842 0.035000 0.027368
21 0.489643 0.506053 0.037857 0.026842
15 0.527500 0.505526 0.032143 0.026842
25 0.561786 0.504737 0.030714 0.027368
14 0.595000 0.504211 0.030000 0.027368
18 0.635357 0.503684 0.037857 0.027368
28 0.676429 0.503684 0.035714 0.027368
9 0.715357 0.503684 0.037857 0.027368
9 0.751071 0.503421 0.027857 0.026842
14 0.782143 0.503947 0.028571 0.026842
16 0.816429 0.505263 0.032857 0.027368
30 0.184286 0.550789 0.032857 0.026842
4 0.220714 0.550526 0.031429 0.027368
0 0.254643 0.550000 0.030714 0.027368
29 0.283214 0.549474 0.019286 0.027368
15 0.307857 0.549474 0.027143 0.027368
9 0.339643 0.548684 0.030714 0.027895
30 0.375714 0.548158 0.032857 0.027895
34 0.411786 0.547105 0.037857 0.026842
23 0.451786 0.545789 0.039286 0.027368
30 0.493929 0.545263 0.033571 0.027368
33 0.531786 0.543421 0.032143 0.027895
18 0.568571 0.543158 0.037143 0.027368
23 0.607500 0.541842 0.030714 0.026842
6 0.643571 0.541842 0.035714 0.026842
27 0.683214 0.541579 0.035000 0.027368
6 0.720714 0.542105 0.035714 0.027368
15 0.753571 0.542105 0.027143 0.027368
8 0.782500 0.542632 0.020714 0.027368
25 0.810714 0.543158 0.034286 0.027368
33 0.181429 0.591842 0.035714 0.026842
15 0.215357 0.591316 0.026429 0.026842
35 0.250714 0.591053 0.038571 0.026316
13 0.292500 0.590526 0.037857 0.027368
15 0.328214 0.589474 0.026429 0.027368
13 0.362143 0.588947 0.032857 0.027368
23 0.398929 0.588158 0.032143 0.027895
10 0.436429 0.586842 0.035714 0.027368
18 0.473214 0.585789 0.030714 0.027368
14 0.506429 0.585000 0.028571 0.026842
2 0.546071 0.584211 0.040714 0.027368
20 0.587143 0.582895 0.040000 0.027895
29 0.619643 0.582632 0.022143 0.027368
24 0.656786 0.582368 0.042143 0.027895
14 0.695714 0.582105 0.031429 0.027368
11 0.725000 0.582105 0.020000 0.027368
10 0.755000 0.582632 0.032857 0.027368
28 0.793571 0.583684 0.038571 0.027368
26 0.173214 0.634737 0.039286 0.027368
33 0.212500 0.634474 0.033571 0.027895
22 0.254286 0.633947 0.038571 0.026842
26 0.295357 0.633684 0.040714 0.027368
25 0.336071 0.632632 0.035000 0.027368
16 0.373929 0.632105 0.036429 0.027368
21 0.412143 0.630263 0.037143 0.026842
20 0.459643 0.629737 0.047857 0.027895
8 0.495357 0.628421 0.017857 0.027368
28 0.523929 0.627632 0.033571 0.027895
6 0.561429 0.626579 0.035714 0.026842
13 0.602857 0.626053 0.037143 0.026842
8 0.631786 0.625263 0.016429 0.027368
37 0.663214 0.625263 0.036429 0.027368
28 0.705000 0.625000 0.040000 0.027895
19 0.745357 0.625263 0.029286 0.027368
15 0.779643 0.626053 0.029286 0.026842
36 0.177500 0.675000 0.027857 0.027895
12 0.212857 0.675000 0.035714 0.026842
11 0.243929 0.674474 0.023571 0.027895
31 0.276429 0.674211 0.034286 0.027368
32 0.322500 0.673684 0.050714 0.027368
25 0.367143 0.672105 0.034286 0.027368
30 0.406786 0.671579 0.039286 0.027368
20 0.445714 0.670000 0.032857 0.028421
33 0.481786 0.669211 0.036429 0.027895
37 0.519286 0.667895 0.034286 0.027368
9 0.555000 0.666842 0.031429 0.027368
5 0.593571 0.666316 0.038571 0.027368
28 0.632500 0.665263 0.030714 0.027368
12 0.671071 0.664737 0.039286 0.027368
0 0.712143 0.665000 0.032857 0.026842
17 0.751071 0.665263 0.035000 0.027368
4 0.782857 0.666316 0.025714 0.027368
19 0.815357 0.666842 0.032143 0.027368
12 0.184643 0.713947 0.039286 0.027895
29 0.218929 0.713421 0.019286 0.026842
13 0.252857 0.713158 0.038571 0.027368
19 0.290000 0.712632 0.028571 0.027368
35 0.328929 0.711842 0.037857 0.026842
30 0.368929 0.711579 0.035000 0.027368
36 0.409286 0.709737 0.034286 0.026842
0 0.440714 0.708947 0.025714 0.027368
1 0.476071 0.707895 0.033571 0.027368
1 0.510357 0.707105 0.033571 0.027895
22 0.549643 0.705789 0.036429 0.027368
7 0.586429 0.705263 0.030000 0.027368
5 0.623929 0.704211 0.037857 0.027368
9 0.660357 0.703684 0.029286 0.027368
37 0.699286 0.703158 0.038571 0.027368
33 0.740714 0.704211 0.032857 0.027368
21 0.780714 0.704474 0.035714 0.026842
33 0.815000 0.706053 0.030000 0.026842
23 0.178929 0.756842 0.039286 0.027368
15 0.213929 0.756842 0.026429 0.027368
30 0.246786 0.756316 0.032143 0.027368
32 0.278571 0.755789 0.028571 0.027368
3 0.312857 0.755263 0.034286 0.027368
18 0.351071 0.754474 0.035000 0.027895
9 0.387143 0.753684 0.028571 0.027368
37 0.423571 0.752895 0.035714 0.026842
33 0.462500 0.751053 0.033571 0.027368
30 0.498571 0.750263 0.034286 0.027895
37 0.539286 0.749474 0.038571 0.027368
22 0.582143 0.748158 0.038571 0.027895
34 0.622500 0.747368 0.033571 0.027368
8 0.650714 0.747105 0.017143 0.027895
2 0.679286 0.746316 0.034286 0.027368
30 0.713571 0.746842 0.030000 0.027368
9 0.745000 0.747368 0.031429 0.027368
28 0.781786 0.747632 0.033571 0.026842
28 0.819643 0.748947 0.030714 0.027368
2 0.181429 0.798684 0.034286 0.026842
2 0.221429 0.797895 0.041429 0.027368
21 0.266429 0.797632 0.041429 0.027895
5 0.308571 0.797105 0.035714 0.026842
5 0.349643 0.795789 0.037857 0.027368
5 0.388929 0.795000 0.037857 0.027895
32 0.432143 0.793947 0.035714 0.026842
35 0.475357 0.792895 0.040714 0.026842
27 0.513571 0.791316 0.030000 0.027895
16 0.550000 0.790526 0.035714 0.027368
0 0.585714 0.788947 0.030000 0.027368
15 0.614643 0.788684 0.023571 0.026842
2 0.649286 0.788421 0.037143 0.027368
32 0.691071 0.787895 0.039286 0.027368
29 0.723214 0.788158 0.020714 0.026842
29 0.745714 0.788684 0.015714 0.026842
10 0.772857 0.789211 0.035714 0.026842
10 0.814286 0.790263 0.038571 0.026842
