31 0.175714 0.172368 0.037143 0.026842
10 0.213929 0.172895 0.032143 0.026842
11 0.247857 0.172632 0.028571 0.027368
6 0.285357 0.172632 0.037857 0.027368
4 0.321429 0.173158 0.024286 0.026316
33 0.352143 0.173684 0.034286 0.027368
22 0.391429 0.173947 0.035714 0.026842
11 0.423929 0.174737 0.026429 0.026316
24 0.458929 0.174737 0.039286 0.027368
9 0.496429 0.174211 0.030000 0.027368
13 0.531071 0.173947 0.032143 0.026842
4 0.568214 0.173158 0.033571 0.027368
23 0.604286 0.172895 0.037143 0.026842
0 0.643571 0.171842 0.031429 0.027895
7 0.681786 0.171316 0.033571 0.026842
11 0.716429 0.171316 0.027143 0.026842
6 0.750000 0.171316 0.037143 0.026842
14 0.785357 0.171316 0.029286 0.026842
36 0.822500 0.171316 0.035000 0.026842
28 0.175000 0.212368 0.035714 0.026842
0 0.212143 0.212368 0.034286 0.026842
12 0.251429 0.212368 0.035714 0.026842
11 0.285000 0.212632 0.028571 0.027368
31 0.317500 0.213421 0.033571 0.026842
34 0.357143 0.213947 0.038571 0.026842
23 0.400357 0.213947 0.042143 0.026842
6 0.445714 0.214474 0.040000 0.026842
7 0.487143 0.214211 0.035714 0.027368
28 0.525714 0.213684 0.030000 0.027368
5 0.560357 0.213421 0.036429 0.026842
29 0.590000 0.212895 0.015714 0.026842
6 0.617500 0.212895 0.030714 0.026842
27 0.650714 0.211842 0.032857 0.026842
6 0.690357 0.211579 0.039286 0.026316
8 0.722857 0.211053 0.015714 0.027368
29 0.740000 0.211316 0.017143 0.026842
35 0.771429 0.211316 0.038571 0.026842
8 0.801786 0.211842 0.017857 0.026842
13 0.170714 0.252632 0.035714 0.027368
15 0.207857 0.252105 0.027143 0.027368
25 0.241071 0.252368 0.035000 0.026842
13 0.288929 0.252368 0.052143 0.026842
32 0.333929 0.253421 0.027857 0.026842
24 0.369643 0.253421 0.037857 0.026842
34 0.406071 0.254211 0.032143 0.027368
9 0.442143 0.253947 0.031429 0.026842
4 0.482857 0.254211 0.038571 0.027368
26 0.524286 0.253947 0.038571 0.026842
11 0.560714 0.253158 0.028571 0.026316
24 0.596071 0.253158 0.039286 0.027368
27 0.637500 0.252368 0.033571 0.026842
5 0.677143 0.252105 0.040000 0.027368
37 0.717857 0.251842 0.032857 0.026842
12 0.753929 0.251579 0.036429 0.027368
5 0.791429 0.251842 0.035714 0.026842
34 0.825714 0.252632 0.027143 0.027368
34 0.185000 0.292105 0.034286 0.026316
25 0.221071 0.291842 0.035000 0.026842
35 0.259286 0.291579 0.035714 0.027368
22 0.298571 0.292632 0.038571 0.027368
7 0.335714 0.293158 0.031429 0.027368
25 0.372143 0.293421 0.032857 0.026842
15 0.407143 0.293947 0.034286 0.026842
18 0.446429 0.293947 0.032857 0.026842
10 0.485714 0.293947 0.034286 0.026842
2 0.523571 0.293947 0.035714 0.026842
29 0.552500 0.293421 0.019286 0.026842
34 0.582143 0.293158 0.031429 0.027368
7 0.619643 0.292632 0.036429 0.027368
4 0.655357 0.292368 0.029286 0.027895
19 0.688214 0.292105 0.029286 0.027368
26 0.725357 0.291842 0.036429 0.026842
7 0.763214 0.291579 0.030714 0.027368
18 0.797143 0.291842 0.035714 0.026842
37 0.177500 0.328947 0.037857 0.027368
30 0.216786 0.328421 0.030714 0.027368
3 0.250357 0.328421 0.035000 0.027368
11 0.284643 0.328421 0.026429 0.027368
14 0.319286 0.328947 0.031429 0.027368
14 0.355000 0.329211 0.031429 0.026842
6 0.393214 0.330000 0.040714 0.027368
4 0.431786 0.330526 0.026429 0.027368
4 0.463929 0.330263 0.029286 0.026842
6 0.499286 0.330526 0.035714 0.027368
33 0.535000 0.330526 0.034286 0.027368
1 0.570357 0.330263 0.032143 0.027895
3 0.608571 0.329737 0.031429 0.027895
32 0.645714 0.329211 0.034286 0.027895
14 0.680357 0.328947 0.030714 0.027368
12 0.718571 0.328684 0.037143 0.026842
15 0.755714 0.328684 0.028571 0.027895
0 0.790000 0.328684 0.032857 0.026842
15 0.823929 0.328684 0.026429 0.026842
4 0.171071 0.371579 0.033571 0.027368
33 0.206071 0.371316 0.032143 0.026842
31 0.245714 0.371053 0.038571 0.027368
30 0.286429 0.371053 0.032857 0.027368
23 0.322857 0.371842 0.034286 0.027895
29 0.353214 0.372105 0.017857 0.027368
0 0.380714 0.372368 0.025714 0.026842
10 0.412143 0.373684 0.032857 0.027368
1 0.446429 0.373421 0.032857 0.027895
36 0.483214 0.373684 0.039286 0.027368
7 0.522857 0.373684 0.032857 0.027368
10 0.555714 0.373421 0.028571 0.026842
0 0.586071 0.373158 0.030714 0.027368
23 0.618929 0.372368 0.027857 0.027895
8 0.645000 0.372105 0.014286 0.027368
37 0.676786 0.371842 0.043571 0.026842
29 0.710714 0.371842 0.014286 0.027895
5 0.738571 0.371579 0.034286 0.027368
36 0.778214 0.371316 0.035000 0.026842
27 0.815357 0.371842 0.032143 0.027895
22 0.178571 0.414737 0.038571 0.027368
22 0.218214 0.414211 0.036429 0.027368
3 0.259643 0.414211 0.036429 0.027368
35 0.300714 0.414474 0.040000 0.027895
13 0.341429 0.415000 0.038571 0.027895
25 0.382143 0.416053 0.035714 0.027895
1 0.417143 0.416579 0.030000 0.027895
21 0.451071 0.417105 0.030714 0.027895
1 0.487143 0.416842 0.032857 0.027368
36 0.524286 0.417105 0.035714 0.027895
21 0.567143 0.417105 0.040000 0.027895
13 0.610714 0.416579 0.041429 0.027895
0 0.655000 0.415789 0.038571 0.027368
31 0.698571 0.415263 0.037143 0.027368
12 0.740714 0.414474 0.035714 0.027895
2 0.781786 0.414737 0.037857 0.027368
1 0.820714 0.415000 0.037143 0.027895
37 0.179286 0.452895 0.038571 0.027895
5 0.221071 0.452895 0.036429 0.027895
29 0.251071 0.452632 0.015000 0.027368
30 0.277143 0.452895 0.032857 0.026842
6 0.316429 0.453421 0.041429 0.027895
11 0.350357 0.454211 0.025000 0.027368
19 0.380714 0.454474 0.031429 0.026842
7 0.415357 0.455263 0.027857 0.027368
26 0.448929 0.456053 0.037857 0.027895
16 0.489643 0.456316 0.033571 0.028421
2 0.529643 0.456053 0.036429 0.027895
15 0.563214 0.456053 0.027857 0.027895
13 0.597500 0.455789 0.037857 0.028421
18 0.640000 0.455000 0.037143 0.027895
22 0.682143 0.453947 0.038571 0.027895
0 0.719643 0.453684 0.027857 0.027368
17 0.750714 0.453684 0.028571 0.027368
18 0.787143 0.453158 0.037143 0.027368
37 0.178214 0.495263 0.033571 0.027368
34 0.215357 0.494737 0.032143 0.027368
20 0.249286 0.494737 0.028571 0.027368
13 0.291786 0.495263 0.050714 0.027368
32 0.338571 0.495789 0.034286 0.027368
34 0.376786 0.497105 0.039286 0.027895
1 0.413571 0.497368 0.031429 0.027368
33 0.451429 0.497632 0.035714 0.027895
1 0.490000 0.498421 0.038571 0.028421
21 0.528571 0.498684 0.034286 0.027895
23 0.565714 0.498158 0.034286 0.027895
19 0.600714 0.497632 0.031429 0.027895
19 0.634643 0.497105 0.026429 0.027895
16 0.666429 0.496579 0.032857 0.027895
10 0.700357 0.495789 0.032143 0.028421
36 0.741071 0.495263 0.045000 0.027368
12 0.788571 0.495000 0.040000 0.027895
14 0.171071 0.540000 0.030714 0.028421
3 0.208571 0.539737 0.035714 0.027895
27 0.246786 0.539737 0.033571 0.026842
6 0.284286 0.540526 0.032857 0.027368
7 0.317143 0.541053 0.030000 0.027368
24 0.354286 0.541579 0.035714 0.027368
19 0.389643 0.542105 0.025000 0.027368
10 0.423929 0.542895 0.033571 0.027895
21 0.462500 0.543158 0.036429 0.027368
25 0.501429 0.543421 0.030000 0.027895
31 0.536429 0.543421 0.035714 0.027895
36 0.577857 0.543158 0.041429 0.027368
34 0.620357 0.542105 0.037857 0.027368
28 0.663571 0.541316 0.040000 0.027895
27 0.703929 0.540789 0.035000 0.026842
14 0.739643 0.540263 0.027857 0.027895
1 0.773571 0.539737 0.032857 0.027895
27 0.812143 0.539737 0.034286 0.027895
19 0.168214 0.578158 0.025000 0.027895
6 0.201429 0.578684 0.035714 0.027895
33 0.237143 0.578158 0.031429 0.027895
20 0.274286 0.578947 0.037143 0.027368
20 0.317143 0.580000 0.040000 0.027368
9 0.357500 0.580263 0.033571 0.027895
27 0.396429 0.580789 0.035714 0.027895
37 0.435000 0.581842 0.031429 0.027895
4 0.470357 0.582105 0.030714 0.027368
34 0.500714 0.581842 0.025714 0.027895
21 0.537500 0.582105 0.042143 0.027368
23 0.578929 0.581579 0.030714 0.027368
1 0.616786 0.580789 0.035000 0.027895
16 0.656429 0.579737 0.032857 0.027895
8 0.682143 0.579737 0.017143 0.027895
27 0.712857 0.578421 0.034286 0.027368
34 0.749643 0.578421 0.036429 0.028421
2 0.788571 0.577895 0.035714 0.027368
33 0.823571 0.578421 0.031429 0.027368
17 0.171786 0.622368 0.032143 0.027895
37 0.206071 0.622368 0.032143 0.027895
15 0.242857 0.622368 0.031429 0.027895
19 0.275357 0.622632 0.029286 0.027368
0 0.305357 0.623158 0.027857 0.027368
25 0.340714 0.623947 0.038571 0.027895
8 0.375357 0.625000 0.019286 0.027895
11 0.401429 0.625263 0.024286 0.027368
13 0.433929 0.625526 0.036429 0.027895
31 0.473929 0.626316 0.036429 0.027368
23 0.517500 0.626316 0.043571 0.027368
0 0.562857 0.625526 0.035714 0.027895
25 0.602857 0.624737 0.038571 0.028421
2 0.642500 0.624211 0.037857 0.027368
8 0.675714 0.623421 0.022857 0.027895
5 0.709286 0.622895 0.034286 0.027895
17 0.743214 0.622368 0.029286 0.027895
37 0.780357 0.621579 0.039286 0.027368
16 0.178214 0.664474 0.035000 0.027895
14 0.213571 0.664474 0.030000 0.027895
32 0.245000 0.664737 0.028571 0.027368
35 0.285357 0.665000 0.040714 0.027895
36 0.325357 0.666316 0.035000 0.028421
21 0.364286 0.666842 0.037143 0.027368
20 0.411429 0.667368 0.045714 0.027368
1 0.454643 0.668158 0.033571 0.027895
26 0.494286 0.668421 0.035714 0.027368
26 0.529643 0.668158 0.032143 0.027895
25 0.566429 0.666842 0.032857 0.027368
31 0.608929 0.666579 0.042143 0.027895
21 0.649643 0.665526 0.032143 0.027895
11 0.685357 0.665000 0.029286 0.027895
9 0.718571 0.663684 0.031429 0.027368
33 0.756071 0.663421 0.033571 0.027895
22 0.793929 0.663158 0.037857 0.027368
15 0.172857 0.708684 0.034286 0.027895
35 0.214643 0.708947 0.037857 0.027368
23 0.248571 0.708947 0.024286 0.027368
21 0.282857 0.709737 0.038571 0.027895
23 0.318929 0.710263 0.030714 0.027895
3 0.355714 0.710789 0.035714 0.027895
25 0.396786 0.712105 0.036429 0.028421
30 0.435714 0.712368 0.034286 0.027895
36 0.475714 0.712368 0.034286 0.027895
27 0.513929 0.712368 0.032143 0.027895
27 0.552143 0.712368 0.034286 0.027895
6 0.587500 0.711316 0.033571 0.027895
33 0.621786 0.710526 0.032143 0.028421
14 0.654643 0.710000 0.026429 0.027368
28 0.688214 0.708947 0.033571 0.028421
0 0.721786 0.708158 0.025000 0.027895
4 0.754286 0.707895 0.032857 0.028421
32 0.791429 0.707105 0.032857 0.027895
29 0.818929 0.707632 0.019286 0.027895
14 0.174643 0.747895 0.029286 0.027368
26 0.209643 0.747895 0.037857 0.027368
1 0.248929 0.748421 0.033571 0.027368
25 0.288214 0.749211 0.036429 0.027895
3 0.328214 0.750263 0.037857 0.027895
24 0.366071 0.750789 0.033571 0.027895
23 0.400357 0.751316 0.025000 0.027895
10 0.431071 0.751579 0.033571 0.028421
30 0.467143 0.751842 0.034286 0.027895
11 0.503929 0.751842 0.030714 0.027895
14 0.535714 0.751842 0.027143 0.027895
24 0.572857 0.751053 0.042857 0.028421
2 0.617857 0.750263 0.038571 0.027895
7 0.654643 0.748947 0.029286 0.028421
35 0.691786 0.748158 0.036429 0.027895
28 0.729286 0.747105 0.031429 0.027895
13 0.764286 0.747105 0.034286 0.027895
22 0.801429 0.746579 0.035714 0.027895
33 0.176429 0.794737 0.031429 0.027368
16 0.210714 0.795000 0.035714 0.027895
25 0.253214 0.795263 0.039286 0.028421
30 0.292857 0.795789 0.035714 0.028421
34 0.330357 0.796316 0.030714 0.027368
21 0.365714 0.797368 0.034286 0.027368
4 0.405714 0.797895 0.034286 0.027368
23 0.447143 0.798158 0.038571 0.027895
22 0.488214 0.798421 0.039286 0.027368
25 0.526429 0.798421 0.035714 0.027368
0 0.563571 0.797895 0.027143 0.027368
14 0.595714 0.797105 0.034286 0.027895
31 0.637500 0.795789 0.039286 0.027368
7 0.678571 0.794737 0.032857 0.027368
12 0.716071 0.793947 0.040714 0.027895
3 0.756786 0.793158 0.036429 0.027368
17 0.790000 0.793158 0.027143 0.027368
