0 0.183571 0.179474 0.034286 0.027368
35 0.217857 0.177895 0.032857 0.027368
2 0.256429 0.176053 0.034286 0.027895
3 0.293571 0.175000 0.037143 0.027895
25 0.332500 0.174211 0.036429 0.027368
13 0.370714 0.173684 0.032857 0.027368
18 0.408929 0.173684 0.036429 0.027368
27 0.446429 0.172632 0.032857 0.027368
22 0.486071 0.172895 0.043571 0.027895
34 0.526071 0.173158 0.033571 0.027368
13 0.566071 0.173684 0.037857 0.027368
5 0.607143 0.174211 0.037143 0.027368
1 0.647143 0.175263 0.032857 0.027368
36 0.685714 0.176053 0.035714 0.026842
15 0.718929 0.176579 0.027857 0.027895
20 0.757143 0.177895 0.040000 0.027368
30 0.791786 0.180263 0.026429 0.026842
7 0.823214 0.181579 0.030714 0.027368
1 0.181071 0.216842 0.035000 0.027368
7 0.216071 0.215000 0.032143 0.026842
18 0.256071 0.213684 0.037857 0.027368
4 0.297500 0.212632 0.033571 0.027368
20 0.339643 0.211579 0.043571 0.027368
35 0.384286 0.211053 0.035714 0.027368
30 0.422857 0.210789 0.032857 0.027895
3 0.462500 0.210789 0.036429 0.027895
4 0.505357 0.210789 0.042143 0.026842
9 0.546429 0.211053 0.034286 0.027368
35 0.585000 0.211316 0.031429 0.027895
28 0.621786 0.211842 0.037857 0.026842
28 0.666071 0.212895 0.040714 0.026842
31 0.706429 0.214211 0.030000 0.027368
20 0.740000 0.215526 0.027143 0.026842
2 0.773214 0.216579 0.035000 0.026842
13 0.812500 0.218947 0.036429 0.027368
25 0.175714 0.260000 0.034286 0.027368
16 0.211429 0.258421 0.031429 0.027368
11 0.245000 0.256842 0.027143 0.027368
30 0.280000 0.255789 0.034286 0.027368
33 0.316786 0.254737 0.033571 0.027368
28 0.357500 0.254474 0.046429 0.026842
6 0.399643 0.253158 0.035000 0.027368
30 0.437143 0.253421 0.032857 0.027895
7 0.474286 0.253684 0.031429 0.027368
31 0.511429 0.253684 0.035714 0.027368
6 0.551429 0.253684 0.040000 0.027368
34 0.590714 0.254474 0.035714 0.027895
20 0.629286 0.255263 0.037143 0.027368
18 0.667500 0.255789 0.037857 0.027368
11 0.705000 0.256842 0.024286 0.027368
1 0.736429 0.258158 0.030000 0.026842
14 0.768929 0.259211 0.029286 0.027895
11 0.802857 0.260789 0.032857 0.027895
13 0.181071 0.301579 0.043571 0.027368
6 0.227500 0.299474 0.037857 0.027368
28 0.271786 0.298158 0.046429 0.026842
37 0.315000 0.296842 0.032857 0.027368
29 0.344286 0.296316 0.017143 0.027368
26 0.374643 0.295789 0.039286 0.027368
4 0.413571 0.295263 0.035714 0.027368
31 0.450357 0.295789 0.035000 0.027368
10 0.485357 0.295789 0.033571 0.027368
35 0.523929 0.295789 0.033571 0.027368
37 0.559643 0.295789 0.035000 0.027368
17 0.596429 0.296842 0.032857 0.027368
5 0.635714 0.297632 0.040000 0.027895
7 0.676786 0.298947 0.036429 0.027368
28 0.719643 0.300263 0.042143 0.027895
12 0.767143 0.302105 0.041429 0.027368
10 0.810714 0.303947 0.035714 0.027895
34 0.173571 0.342632 0.040000 0.027368
27 0.212143 0.340789 0.032857 0.026842
21 0.251071 0.339211 0.040714 0.026842
4 0.291071 0.337895 0.033571 0.027368
29 0.320000 0.336842 0.020000 0.027368
5 0.354643 0.336316 0.037857 0.027368
9 0.390714 0.336053 0.031429 0.026842
20 0.426071 0.336053 0.036429 0.026842
13 0.466071 0.336053 0.036429 0.026842
28 0.511071 0.336579 0.040714 0.026842
0 0.553929 0.336842 0.040714 0.027368
19 0.591786 0.337105 0.032143 0.026842
14 0.626071 0.338421 0.030714 0.027368
7 0.655000 0.338947 0.024286 0.027368
0 0.684286 0.340000 0.030000 0.027368
30 0.719643 0.341579 0.030714 0.027368
7 0.752500 0.342632 0.029286 0.027368
19 0.786071 0.343947 0.030714 0.027895
23 0.820357 0.345789 0.030714 0.027368
12 0.173929 0.383158 0.039286 0.027368
10 0.213929 0.381579 0.035000 0.027368
11 0.255357 0.380000 0.040714 0.027368
12 0.297143 0.378421 0.038571 0.027368
36 0.340357 0.377368 0.037857 0.027368
20 0.382143 0.377105 0.044286 0.026842
0 0.423571 0.376579 0.030000 0.026842
11 0.452857 0.376842 0.024286 0.027368
34 0.486071 0.376842 0.036429 0.027368
20 0.522857 0.377632 0.031429 0.026842
9 0.561429 0.377895 0.034286 0.026316
15 0.596071 0.378684 0.029286 0.027895
34 0.631071 0.380263 0.030714 0.027895
33 0.665000 0.380789 0.031429 0.027895
31 0.698929 0.382105 0.029286 0.027368
34 0.732857 0.383421 0.035714 0.026842
4 0.768214 0.384737 0.030714 0.027368
28 0.802143 0.386053 0.034286 0.026842
2 0.186786 0.422105 0.042143 0.027368
31 0.230714 0.419737 0.038571 0.026842
5 0.273929 0.418684 0.039286 0.026842
27 0.313929 0.417632 0.036429 0.026842
19 0.350000 0.416579 0.031429 0.027895
2 0.386786 0.416316 0.036429 0.027368
20 0.428571 0.416316 0.041429 0.027368
4 0.468929 0.416842 0.027857 0.027368
10 0.503214 0.416842 0.033571 0.027368
8 0.530714 0.417895 0.020000 0.026316
16 0.563929 0.417895 0.036429 0.027368
25 0.601429 0.418421 0.032857 0.027368
0 0.638214 0.420000 0.032143 0.027368
30 0.676429 0.421316 0.034286 0.026842
0 0.714643 0.422632 0.033571 0.027368
12 0.753571 0.423947 0.040000 0.027895
23 0.796786 0.425526 0.039286 0.027895
12 0.188214 0.464211 0.043571 0.027368
36 0.230714 0.461842 0.037143 0.026842
21 0.273929 0.460526 0.037857 0.027368
33 0.314643 0.459211 0.033571 0.026842
36 0.353929 0.458684 0.036429 0.026842
12 0.393571 0.458684 0.035714 0.026842
9 0.431429 0.458421 0.034286 0.027368
21 0.471071 0.458421 0.036429 0.027368
15 0.508929 0.458947 0.029286 0.027368
16 0.543571 0.459474 0.032857 0.027368
4 0.584643 0.460526 0.037857 0.027368
29 0.613571 0.461842 0.017143 0.026842
31 0.646429 0.462368 0.037143 0.027895
25 0.686071 0.463684 0.036429 0.027368
9 0.725357 0.465263 0.030714 0.027368
1 0.760357 0.466316 0.032143 0.027368
25 0.797500 0.468158 0.039286 0.026842
31 0.171071 0.504211 0.032143 0.026316
5 0.212500 0.502895 0.040714 0.027895
35 0.253929 0.501316 0.035000 0.026842
34 0.288571 0.500263 0.028571 0.026842
5 0.325000 0.499211 0.037143 0.026842
29 0.352500 0.498421 0.015000 0.027368
21 0.381429 0.498421 0.037143 0.027368
15 0.416071 0.498158 0.027857 0.026842
11 0.445357 0.498158 0.026429 0.026842
32 0.474643 0.498421 0.030714 0.027368
35 0.513929 0.499211 0.037857 0.026842
22 0.556429 0.500000 0.037143 0.026316
11 0.587857 0.501053 0.015714 0.027368
29 0.603214 0.501842 0.010714 0.026842
2 0.633929 0.502105 0.039286 0.027368
10 0.673214 0.503684 0.032143 0.026316
18 0.709286 0.505263 0.038571 0.027368
4 0.748929 0.506316 0.032143 0.027368
24 0.785357 0.508421 0.036429 0.027368
22 0.822500 0.509737 0.030714 0.026842
28 0.182857 0.542632 0.035714 0.027368
24 0.220000 0.540789 0.035714 0.026842
9 0.261429 0.539737 0.035714 0.026842
29 0.290000 0.538421 0.014286 0.027368
33 0.318571 0.537895 0.032857 0.027368
26 0.358214 0.537632 0.036429 0.026842
7 0.392143 0.537105 0.028571 0.026842
34 0.430357 0.537368 0.037857 0.027368
9 0.468929 0.537368 0.033571 0.027368
2 0.506071 0.538158 0.035000 0.026842
26 0.544643 0.538421 0.036429 0.027368
25 0.583571 0.539474 0.038571 0.027368
6 0.624286 0.541053 0.037143 0.027368
14 0.657500 0.542368 0.027857 0.026842
21 0.692143 0.543421 0.037143 0.026842
31 0.732143 0.545000 0.035714 0.026842
1 0.768571 0.546316 0.031429 0.027368
4 0.803214 0.548158 0.032143 0.026842
17 0.172857 0.583158 0.034286 0.027368
33 0.212143 0.581579 0.034286 0.027368
20 0.246786 0.580263 0.030714 0.026842
37 0.285357 0.578421 0.040714 0.027368
20 0.323571 0.577895 0.025714 0.026316
32 0.354286 0.577368 0.030000 0.027368
34 0.391071 0.576842 0.036429 0.027368
30 0.432857 0.577105 0.035714 0.026842
22 0.468571 0.577632 0.032857 0.026842
34 0.508571 0.577895 0.035714 0.027368
32 0.548571 0.578421 0.038571 0.027368
14 0.586786 0.580000 0.033571 0.027368
18 0.623571 0.580789 0.037143 0.026842
21 0.663214 0.582632 0.036429 0.027368
14 0.699286 0.583684 0.030000 0.026316
32 0.736071 0.585789 0.032143 0.027368
18 0.775000 0.586842 0.035714 0.027368
15 0.170357 0.627105 0.030714 0.026842
3 0.210714 0.625263 0.040000 0.027368
13 0.252857 0.622632 0.034286 0.027368
11 0.290000 0.621842 0.028571 0.026842
26 0.325357 0.621579 0.035000 0.027368
16 0.364286 0.620526 0.038571 0.027368
7 0.401429 0.620263 0.031429 0.026842
8 0.427143 0.620263 0.015714 0.026842
21 0.458214 0.620526 0.035000 0.026316
35 0.495357 0.620789 0.035000 0.026842
2 0.534643 0.621842 0.035000 0.026842
6 0.573214 0.622632 0.037857 0.027368
11 0.608929 0.624211 0.022143 0.027368
9 0.640000 0.624737 0.032857 0.027368
36 0.676786 0.626842 0.029286 0.027368
18 0.715714 0.627632 0.041429 0.026842
30 0.754643 0.629474 0.030714 0.027368
27 0.791786 0.630526 0.036429 0.027368
8 0.819286 0.632368 0.014286 0.026842
37 0.172143 0.665789 0.035714 0.027368
34 0.207500 0.664211 0.032143 0.027368
20 0.246429 0.662368 0.034286 0.026842
19 0.278571 0.661842 0.022857 0.026842
12 0.314286 0.661053 0.040000 0.027368
15 0.345714 0.660263 0.020000 0.026842
23 0.374643 0.659737 0.033571 0.026842
7 0.412500 0.659737 0.033571 0.026842
36 0.447857 0.659737 0.035714 0.027895
32 0.482857 0.660526 0.030000 0.027368
33 0.516786 0.660789 0.033571 0.027895
25 0.555357 0.661579 0.036429 0.027368
15 0.594286 0.662895 0.031429 0.027895
14 0.626429 0.663684 0.028571 0.027368
33 0.660000 0.665263 0.031429 0.027368
22 0.697857 0.666316 0.035714 0.027368
28 0.734643 0.668158 0.030714 0.026842
34 0.775000 0.669211 0.044286 0.027895
2 0.819286 0.671316 0.034286 0.026842
18 0.173929 0.705263 0.036429 0.027368
19 0.212857 0.703684 0.032857 0.027368
20 0.246786 0.702632 0.032143 0.027368
36 0.282500 0.701053 0.035000 0.027368
12 0.323214 0.700526 0.037857 0.027368
15 0.356071 0.699737 0.025000 0.026842
34 0.391071 0.700000 0.040714 0.027368
16 0.432143 0.699737 0.034286 0.026842
29 0.462857 0.700000 0.017143 0.027368
0 0.493214 0.700000 0.036429 0.027368
21 0.532500 0.700789 0.036429 0.026842
26 0.575714 0.701842 0.041429 0.027895
2 0.619286 0.703421 0.037143 0.026842
20 0.661786 0.704737 0.037857 0.026316
33 0.701429 0.706842 0.035714 0.027368
1 0.745357 0.708158 0.042143 0.027895
25 0.789643 0.710000 0.036429 0.027368
32 0.170714 0.747368 0.031429 0.026316
22 0.208571 0.745526 0.035714 0.026842
0 0.245000 0.743947 0.034286 0.026842
5 0.285357 0.742632 0.037857 0.027368
32 0.323214 0.742105 0.030714 0.027368
33 0.358929 0.741579 0.030714 0.027368
2 0.397857 0.741053 0.035714 0.027368
5 0.440000 0.741316 0.038571 0.026842
34 0.482500 0.741842 0.036429 0.026842
1 0.521429 0.742105 0.032857 0.027368
23 0.560000 0.743158 0.040000 0.027368
37 0.601429 0.744474 0.037143 0.027895
19 0.637500 0.746053 0.032143 0.026842
14 0.671071 0.747105 0.027857 0.026842
22 0.707143 0.748684 0.038571 0.027895
14 0.742857 0.749737 0.031429 0.026842
26 0.778929 0.751579 0.035000 0.027368
25 0.816429 0.752895 0.035714 0.026842
6 0.180000 0.787895 0.040000 0.027368
32 0.220357 0.785789 0.039286 0.027368
10 0.260714 0.783947 0.032857 0.026842
25 0.299286 0.783158 0.032857 0.027368
20 0.337857 0.782368 0.034286 0.026842
17 0.371071 0.781842 0.030714 0.027895
19 0.402857 0.781579 0.025714 0.027368
18 0.436071 0.781579 0.032143 0.027368
8 0.465714 0.782105 0.018571 0.027368
20 0.514286 0.782895 0.070000 0.026842
35 0.568214 0.784211 0.035000 0.027368
8 0.595357 0.785263 0.015000 0.027368
24 0.627143 0.786053 0.041429 0.026842
6 0.670000 0.787632 0.034286 0.026842
30 0.707143 0.788947 0.034286 0.027368
26 0.746786 0.790526 0.036429 0.027368
9 0.780357 0.791842 0.029286 0.027895
13 0.817143 0.793158 0.038571 0.027368
