35 0.178571 0.178421 0.037143 0.031579
16 0.219286 0.176053 0.034286 0.032105
6 0.264286 0.174211 0.045714 0.031579
18 0.311429 0.172368 0.040000 0.032105
25 0.354643 0.171579 0.036429 0.031579
11 0.391071 0.171053 0.030714 0.032632
5 0.432143 0.171053 0.042857 0.031579
26 0.478214 0.171842 0.037857 0.032105
23 0.513571 0.172368 0.025714 0.032105
30 0.550357 0.173421 0.037857 0.032105
9 0.591071 0.174474 0.033571 0.032105
6 0.637500 0.175789 0.050714 0.031579
29 0.676429 0.177895 0.018571 0.031579
14 0.707143 0.178158 0.035714 0.031053
31 0.753214 0.179211 0.046429 0.032105
34 0.802143 0.179474 0.042857 0.031579
13 0.177143 0.224474 0.045714 0.032105
4 0.221429 0.221842 0.037143 0.032105
11 0.260357 0.220263 0.033571 0.032105
18 0.302143 0.218684 0.040000 0.032105
13 0.346071 0.217632 0.045000 0.032105
2 0.391786 0.217105 0.042143 0.032105
20 0.452500 0.216842 0.067857 0.031579
37 0.513214 0.217632 0.045000 0.032105
23 0.557143 0.218684 0.041429 0.032105
32 0.597143 0.220263 0.034286 0.032105
14 0.632500 0.221579 0.032143 0.031579
33 0.670357 0.222368 0.040714 0.032105
26 0.711429 0.223421 0.038571 0.032105
29 0.741071 0.224211 0.015000 0.031579
4 0.771071 0.224211 0.039286 0.031579
31 0.811429 0.224737 0.037143 0.030526
35 0.186429 0.275789 0.041429 0.031579
25 0.227143 0.273684 0.034286 0.031579
2 0.272143 0.272105 0.047143 0.031579
19 0.319286 0.270526 0.037143 0.031579
18 0.361071 0.269737 0.043571 0.032105
2 0.408214 0.268947 0.040714 0.031579
22 0.456786 0.268421 0.046429 0.031579
15 0.504286 0.269474 0.038571 0.031579
20 0.542857 0.270000 0.032857 0.030526
9 0.580357 0.271316 0.035000 0.032105
17 0.615714 0.272105 0.032857 0.031579
21 0.654286 0.273947 0.041429 0.031053
13 0.701786 0.274737 0.045000 0.031579
23 0.746786 0.275263 0.036429 0.031579
18 0.790000 0.276053 0.047143 0.032105
20 0.183571 0.321842 0.032857 0.032105
33 0.224643 0.320000 0.039286 0.031579
28 0.268571 0.318421 0.040000 0.031579
18 0.312500 0.316316 0.043571 0.031579
12 0.358571 0.315789 0.044286 0.031579
35 0.404286 0.315263 0.038571 0.031579
34 0.450357 0.314737 0.046429 0.031579
20 0.500000 0.315000 0.042857 0.031053
22 0.543929 0.316053 0.042143 0.031053
10 0.585714 0.316842 0.040000 0.031579
15 0.623571 0.318158 0.032857 0.032105
30 0.661071 0.318947 0.033571 0.031579
30 0.701071 0.320526 0.039286 0.031579
10 0.741071 0.320526 0.039286 0.031579
14 0.780357 0.321842 0.033571 0.031053
19 0.815357 0.322105 0.029286 0.031579
17 0.177857 0.367632 0.038571 0.031053
24 0.222857 0.365000 0.042857 0.031053
37 0.266429 0.363158 0.041429 0.031579
11 0.312500 0.361316 0.040714 0.032105
6 0.353571 0.360263 0.037143 0.031053
13 0.400714 0.359211 0.047143 0.031053
1 0.451429 0.358947 0.045714 0.031579
26 0.498929 0.359211 0.042143 0.031053
15 0.540000 0.360000 0.031429 0.031579
7 0.578929 0.360789 0.036429 0.031053
30 0.617143 0.362105 0.035714 0.031579
12 0.659643 0.363158 0.046429 0.031579
6 0.709286 0.364211 0.044286 0.031579
25 0.753571 0.365526 0.038571 0.031053
10 0.796429 0.365526 0.041429 0.032105
3 0.187500 0.416053 0.043571 0.031053
29 0.221071 0.414211 0.015000 0.031579
21 0.251071 0.412632 0.042143 0.031579
28 0.291786 0.411053 0.033571 0.031579
3 0.334643 0.410000 0.045000 0.031579
28 0.386071 0.408158 0.046429 0.032105
20 0.441071 0.408158 0.059286 0.031053
34 0.501071 0.408421 0.049286 0.031579
2 0.547500 0.409474 0.042143 0.031579
19 0.587500 0.411053 0.032143 0.031579
34 0.628571 0.411842 0.045714 0.031053
3 0.676071 0.413421 0.039286 0.032105
25 0.717857 0.414474 0.037143 0.032105
28 0.759286 0.415263 0.040000 0.031579
18 0.806429 0.415526 0.047143 0.032105
8 0.177857 0.464737 0.021429 0.031579
3 0.209643 0.463158 0.037857 0.031579
17 0.253929 0.460789 0.037857 0.031053
33 0.292500 0.459211 0.036429 0.031053
31 0.334286 0.457368 0.042857 0.031579
11 0.377143 0.456316 0.034286 0.031579
32 0.415000 0.455789 0.031429 0.031579
6 0.453214 0.456053 0.043571 0.032105
0 0.495000 0.456316 0.034286 0.031579
21 0.539643 0.457895 0.045000 0.031579
9 0.583214 0.458947 0.035000 0.031579
9 0.623571 0.460000 0.035714 0.031579
5 0.663571 0.461842 0.041429 0.031053
27 0.707500 0.462632 0.037857 0.031579
8 0.742143 0.463684 0.022857 0.031579
35 0.781429 0.464211 0.044286 0.031579
8 0.819643 0.464211 0.023571 0.031579
14 0.174643 0.509474 0.032143 0.031579
26 0.216429 0.507368 0.041429 0.031579
17 0.263214 0.504737 0.047857 0.031579
31 0.310714 0.502368 0.035714 0.031053
10 0.353214 0.501316 0.037857 0.031053
28 0.396429 0.500526 0.038571 0.031579
21 0.435714 0.500526 0.037143 0.031579
27 0.478214 0.501053 0.037857 0.031579
13 0.521071 0.501579 0.042143 0.031579
27 0.565000 0.503421 0.041429 0.032105
35 0.606071 0.504474 0.037857 0.031053
30 0.651429 0.505789 0.042857 0.031579
2 0.693929 0.507368 0.039286 0.031579
27 0.736071 0.507895 0.039286 0.031579
19 0.778214 0.508684 0.037857 0.032105
28 0.172857 0.556842 0.035714 0.031579
34 0.213214 0.554211 0.035000 0.031579
17 0.250714 0.552632 0.034286 0.031579
12 0.299286 0.550263 0.052857 0.032105
14 0.357143 0.548947 0.055714 0.031579
24 0.407857 0.548421 0.040000 0.031579
30 0.447857 0.547895 0.038571 0.031579
12 0.493571 0.549211 0.047143 0.032105
23 0.544643 0.550526 0.047857 0.031579
28 0.592857 0.551842 0.041429 0.031053
27 0.637857 0.553158 0.040000 0.031579
37 0.684643 0.555263 0.045000 0.031579
26 0.732500 0.556316 0.040714 0.031579
30 0.780357 0.557105 0.043571 0.032105
11 0.820000 0.556842 0.028571 0.031579
9 0.183571 0.602632 0.038571 0.031579
29 0.216429 0.600526 0.024286 0.031579
14 0.252143 0.599211 0.037143 0.031053
9 0.288929 0.596842 0.033571 0.031579
26 0.331071 0.595526 0.040714 0.031053
16 0.375000 0.594474 0.035714 0.031053
9 0.412143 0.594211 0.037143 0.031579
15 0.449643 0.594737 0.030714 0.031579
18 0.490357 0.595789 0.043571 0.031579
29 0.525357 0.596842 0.017857 0.031579
5 0.562500 0.598158 0.047857 0.032105
2 0.610000 0.599737 0.042857 0.031053
35 0.655714 0.601579 0.037143 0.031579
20 0.698214 0.602368 0.043571 0.032105
33 0.742143 0.603421 0.037143 0.032105
12 0.784643 0.604211 0.043571 0.031579
8 0.170357 0.650526 0.020714 0.031579
17 0.199286 0.649211 0.035714 0.031053
27 0.241071 0.646842 0.043571 0.031579
16 0.283571 0.644211 0.034286 0.031579
9 0.322857 0.643158 0.034286 0.031579
11 0.360714 0.642632 0.037143 0.031579
36 0.407857 0.642105 0.047143 0.031579
6 0.452500 0.642368 0.037857 0.031053
4 0.491071 0.643684 0.033571 0.031579
15 0.526071 0.644737 0.030714 0.031579
5 0.569286 0.645789 0.045714 0.030526
22 0.618214 0.648158 0.045000 0.032105
33 0.663214 0.649474 0.039286 0.031579
31 0.705357 0.650526 0.037857 0.031579
19 0.740000 0.652105 0.027143 0.031579
8 0.769643 0.652105 0.020714 0.031579
31 0.804286 0.651842 0.041429 0.031053
23 0.181786 0.695000 0.040714 0.031053
4 0.221429 0.692895 0.032857 0.032105
27 0.260000 0.690789 0.040000 0.031053
37 0.305714 0.688684 0.041429 0.030000
27 0.349286 0.687368 0.040000 0.031579
21 0.395000 0.687368 0.047143 0.031579
18 0.442143 0.687895 0.045714 0.031579
12 0.490357 0.688421 0.047857 0.031579
9 0.536786 0.690526 0.035000 0.031579
1 0.575714 0.691842 0.037143 0.032105
8 0.610714 0.693158 0.022857 0.031579
10 0.642500 0.694737 0.039286 0.031579
17 0.683929 0.695526 0.037857 0.032105
1 0.726429 0.696842 0.035714 0.031579
7 0.766429 0.697368 0.038571 0.031579
37 0.808214 0.697632 0.042143 0.032105
16 0.183929 0.742105 0.033571 0.031579
17 0.223929 0.740263 0.037857 0.031053
33 0.267143 0.737632 0.038571 0.031053
36 0.308571 0.736053 0.040000 0.031053
18 0.354643 0.735263 0.046429 0.031579
13 0.405000 0.735263 0.045714 0.031579
37 0.455357 0.735789 0.046429 0.031579
5 0.501786 0.736842 0.039286 0.030526
11 0.541071 0.738684 0.027857 0.031053
32 0.578929 0.739737 0.037857 0.031053
8 0.611429 0.741053 0.024286 0.031579
27 0.647500 0.742105 0.042143 0.031579
5 0.696429 0.744211 0.044286 0.031579
2 0.750000 0.745000 0.051429 0.032105
4 0.799643 0.745263 0.045000 0.031579
7 0.169643 0.793158 0.033571 0.031579
21 0.210357 0.791579 0.043571 0.031579
25 0.257500 0.788684 0.039286 0.031053
15 0.296786 0.786842 0.032143 0.031579
22 0.337500 0.785789 0.046429 0.031579
0 0.386429 0.785789 0.041429 0.031579
23 0.427500 0.785789 0.032143 0.031579
15 0.463214 0.786316 0.032143 0.031579
6 0.504286 0.787895 0.042857 0.030526
17 0.548214 0.789211 0.035000 0.032105
17 0.587500 0.791053 0.032143 0.032632
18 0.625714 0.792368 0.040000 0.031053
37 0.672143 0.793947 0.048571 0.032105
8 0.709643 0.795263 0.020714 0.031579
7 0.741429 0.795789 0.032857 0.031579
11 0.780000 0.796053 0.032857 0.032105
14 0.813571 0.796316 0.030000 0.031579
