37 0.173571 0.178947 0.038571 0.029474
19 0.209643 0.176579 0.029286 0.028947
21 0.252857 0.175263 0.045714 0.029474
20 0.296071 0.174211 0.033571 0.029474
19 0.327143 0.173421 0.025714 0.028947
22 0.364286 0.172632 0.038571 0.029474
1 0.403929 0.172105 0.037857 0.029474
11 0.440000 0.172105 0.027143 0.028421
27 0.473571 0.172368 0.034286 0.028947
32 0.513214 0.172368 0.036429 0.028947
10 0.552857 0.173158 0.034286 0.029474
10 0.591071 0.173947 0.036429 0.028947
32 0.628929 0.174737 0.033571 0.029474
23 0.670714 0.175526 0.041429 0.028947
7 0.711786 0.176579 0.032143 0.028947
18 0.749286 0.177632 0.041429 0.028947
9 0.791071 0.179211 0.035000 0.028947
0 0.180714 0.220789 0.037143 0.028947
14 0.221429 0.218684 0.031429 0.028947
5 0.262857 0.217368 0.045714 0.028421
16 0.306429 0.216053 0.034286 0.028947
0 0.341429 0.215526 0.028571 0.028947
23 0.378214 0.215000 0.039286 0.028947
15 0.416429 0.214737 0.028571 0.029474
22 0.451786 0.214211 0.037857 0.028421
26 0.493929 0.215000 0.040714 0.028947
26 0.535000 0.215000 0.037143 0.028947
17 0.572500 0.216053 0.030714 0.030000
9 0.608929 0.216579 0.035000 0.028947
11 0.641786 0.217105 0.025000 0.028947
28 0.686071 0.218158 0.056429 0.028947
11 0.732500 0.219737 0.032143 0.028947
31 0.773929 0.220789 0.042143 0.030000
37 0.817500 0.222368 0.039286 0.028947
37 0.183929 0.262632 0.039286 0.029474
23 0.228214 0.261316 0.037857 0.028947
30 0.270357 0.259737 0.035000 0.028947
35 0.308214 0.258421 0.039286 0.029474
0 0.345000 0.257368 0.031429 0.029474
5 0.383929 0.257105 0.037857 0.028947
7 0.421786 0.257105 0.030714 0.030000
11 0.457500 0.256842 0.032143 0.028421
26 0.498214 0.257105 0.042143 0.028947
5 0.544286 0.257632 0.040000 0.028947
3 0.586071 0.258684 0.040714 0.030000
33 0.627500 0.259211 0.035000 0.028947
5 0.666071 0.259737 0.039286 0.028947
29 0.694286 0.261053 0.012857 0.029474
7 0.719643 0.261842 0.035000 0.028947
37 0.759286 0.262632 0.038571 0.029474
22 0.800714 0.264211 0.041429 0.029474
17 0.178214 0.309737 0.036429 0.028947
37 0.222500 0.308421 0.040714 0.029474
11 0.265357 0.306842 0.036429 0.029474
32 0.307500 0.305789 0.039286 0.028421
19 0.343571 0.304737 0.030000 0.029474
32 0.377500 0.304211 0.029286 0.029474
19 0.410357 0.303684 0.032143 0.029474
0 0.448571 0.303947 0.035714 0.030000
5 0.490000 0.304211 0.045714 0.029474
33 0.532857 0.304211 0.037143 0.029474
9 0.572857 0.305000 0.037143 0.028947
25 0.611071 0.306053 0.035000 0.028947
3 0.646429 0.307105 0.032857 0.028947
15 0.682857 0.307632 0.030000 0.028947
25 0.718214 0.308947 0.035000 0.029474
17 0.755000 0.310000 0.032857 0.029474
30 0.791429 0.310789 0.032857 0.028947
0 0.175000 0.348684 0.038571 0.028947
27 0.215357 0.346842 0.033571 0.028421
37 0.254286 0.345789 0.038571 0.029474
24 0.296786 0.344474 0.042143 0.028947
31 0.341071 0.343158 0.035000 0.028421
12 0.381071 0.342632 0.036429 0.028421
33 0.420000 0.342632 0.032857 0.028421
6 0.460357 0.342895 0.037857 0.028947
9 0.497500 0.342632 0.033571 0.029474
20 0.532857 0.342632 0.031429 0.028421
12 0.575714 0.343947 0.047143 0.028947
35 0.620000 0.344737 0.031429 0.029474
1 0.656071 0.345789 0.035000 0.029474
29 0.686786 0.346316 0.016429 0.028421
0 0.714286 0.347105 0.028571 0.028947
33 0.752143 0.348684 0.037143 0.028947
23 0.793571 0.349474 0.042857 0.029474
11 0.173571 0.396053 0.027143 0.028947
23 0.207500 0.394474 0.033571 0.028947
21 0.245000 0.392895 0.038571 0.028947
11 0.284286 0.391842 0.032857 0.028947
30 0.320357 0.391053 0.033571 0.028421
25 0.357857 0.390263 0.032857 0.028947
35 0.392500 0.390000 0.033571 0.029474
30 0.432143 0.390000 0.035714 0.029474
7 0.468929 0.389211 0.035000 0.028947
27 0.507143 0.390000 0.031429 0.029474
6 0.546786 0.390526 0.046429 0.029474
14 0.588214 0.391053 0.033571 0.029474
0 0.630357 0.392105 0.040714 0.029474
29 0.661429 0.393158 0.015714 0.029474
1 0.690714 0.393421 0.035714 0.028947
35 0.729286 0.395263 0.038571 0.029474
22 0.770357 0.396316 0.040714 0.029474
22 0.816071 0.397105 0.040714 0.028947
27 0.170714 0.436579 0.032857 0.028947
30 0.208929 0.435263 0.036429 0.029474
4 0.244643 0.433421 0.027857 0.028947
11 0.273929 0.432632 0.025000 0.029474
9 0.305714 0.431842 0.034286 0.028947
20 0.342143 0.430789 0.028571 0.028947
14 0.374643 0.430263 0.032143 0.028947
35 0.412500 0.430789 0.037857 0.028947
24 0.456071 0.430263 0.043571 0.028947
23 0.504286 0.430789 0.047143 0.028947
0 0.548929 0.430789 0.033571 0.027895
7 0.586786 0.432105 0.033571 0.029474
37 0.624286 0.432632 0.040000 0.029474
36 0.668214 0.433684 0.039286 0.029474
25 0.708214 0.435263 0.035000 0.028421
25 0.748214 0.436579 0.036429 0.028947
15 0.786429 0.437368 0.030000 0.029474
2 0.176429 0.482105 0.038571 0.028421
1 0.215357 0.480789 0.035000 0.028947
8 0.243214 0.479737 0.015000 0.028947
28 0.272857 0.479211 0.041429 0.030000
4 0.319643 0.477632 0.042143 0.028947
29 0.353929 0.477105 0.016429 0.028947
9 0.379286 0.476842 0.031429 0.029474
25 0.417857 0.476316 0.035714 0.028421
8 0.451429 0.476579 0.022857 0.030000
31 0.485714 0.476579 0.041429 0.028947
19 0.526786 0.476842 0.032143 0.029474
10 0.567857 0.477368 0.042857 0.028421
15 0.608214 0.478421 0.030714 0.029474
9 0.642857 0.479211 0.035714 0.028947
19 0.675357 0.480000 0.026429 0.028421
23 0.707143 0.481053 0.032857 0.029474
20 0.745714 0.482105 0.041429 0.029474
11 0.786429 0.483421 0.030000 0.028947
16 0.180000 0.527105 0.040000 0.028947
28 0.224643 0.525263 0.043571 0.029474
24 0.273929 0.523947 0.045000 0.028947
28 0.317857 0.522105 0.037143 0.029474
20 0.355000 0.521579 0.034286 0.028421
3 0.393214 0.521053 0.035000 0.028421
11 0.427143 0.520789 0.027143 0.028947
21 0.463571 0.520526 0.037143 0.028421
5 0.504286 0.521316 0.038571 0.028947
8 0.537857 0.522105 0.022857 0.028421
7 0.567500 0.522368 0.027857 0.028947
6 0.603929 0.522632 0.036429 0.029474
26 0.641786 0.523684 0.033571 0.028421
33 0.685000 0.524737 0.041429 0.029474
32 0.723929 0.526053 0.032143 0.028947
30 0.762500 0.527105 0.039286 0.028947
21 0.805000 0.528158 0.038571 0.028947
21 0.180714 0.569211 0.037143 0.028947
12 0.227857 0.567895 0.047143 0.029474
31 0.272143 0.566316 0.038571 0.029474
31 0.310357 0.564737 0.033571 0.028421
5 0.352500 0.564474 0.039286 0.028947
22 0.396786 0.563947 0.045000 0.028947
0 0.441786 0.563158 0.036429 0.028421
2 0.485357 0.563421 0.037857 0.028947
13 0.530357 0.564474 0.040714 0.028947
34 0.574286 0.564737 0.037143 0.029474
30 0.613929 0.565526 0.035000 0.028947
9 0.655000 0.566842 0.034286 0.029474
33 0.693571 0.567368 0.035714 0.029474
34 0.741071 0.568684 0.050714 0.028947
12 0.788929 0.570263 0.040714 0.028947
6 0.170714 0.614211 0.035714 0.028421
20 0.208214 0.612632 0.033571 0.029474
7 0.246429 0.610789 0.032857 0.028947
13 0.285357 0.610000 0.042143 0.029474
0 0.327143 0.609474 0.031429 0.029474
12 0.370357 0.608421 0.047857 0.029474
23 0.415357 0.608158 0.032143 0.030000
5 0.454643 0.607895 0.039286 0.029474
24 0.497857 0.608421 0.042857 0.029474
0 0.536071 0.608421 0.029286 0.029474
30 0.570000 0.609211 0.034286 0.028947
5 0.611786 0.609737 0.040714 0.028947
31 0.653571 0.610526 0.038571 0.029474
7 0.696429 0.611842 0.038571 0.028947
33 0.738571 0.613684 0.037143 0.029474
33 0.779286 0.614737 0.035714 0.029474
21 0.818929 0.615789 0.036429 0.029474
12 0.184643 0.655000 0.040714 0.028947
16 0.223571 0.653684 0.032857 0.029474
37 0.266071 0.652895 0.045000 0.028947
7 0.307857 0.651579 0.032857 0.029474
26 0.348571 0.650526 0.038571 0.028421
18 0.391786 0.650000 0.042143 0.029474
34 0.434286 0.649737 0.038571 0.028947
35 0.478571 0.650000 0.041429 0.029474
34 0.523214 0.650000 0.040714 0.029474
22 0.566786 0.650789 0.042143 0.028947
28 0.610357 0.651579 0.036429 0.029474
2 0.654643 0.652105 0.042143 0.029474
20 0.694286 0.653158 0.034286 0.028421
4 0.730357 0.654737 0.029286 0.028421
10 0.763571 0.656053 0.032857 0.028947
13 0.809286 0.656842 0.047143 0.029474
36 0.187857 0.699474 0.040000 0.028421
34 0.231071 0.697895 0.037857 0.029474
2 0.278571 0.696316 0.050000 0.029474
31 0.328571 0.695000 0.038571 0.028947
17 0.365714 0.694211 0.032857 0.029474
30 0.404643 0.693421 0.036429 0.028947
12 0.445714 0.693947 0.042857 0.028947
13 0.496071 0.694211 0.049286 0.029474
6 0.546071 0.694211 0.040714 0.029474
24 0.587857 0.695000 0.041429 0.028947
8 0.623214 0.696316 0.019286 0.029474
6 0.655000 0.696316 0.040000 0.029474
18 0.694643 0.697895 0.036429 0.029474
15 0.730357 0.698684 0.027857 0.028947
18 0.765714 0.700000 0.040000 0.029474
11 0.805000 0.700789 0.034286 0.028947
0 0.181071 0.746842 0.033571 0.029474
1 0.220000 0.745526 0.035714 0.028947
34 0.258929 0.743684 0.039286 0.028421
24 0.302500 0.742895 0.042143 0.028947
22 0.347143 0.741842 0.037143 0.028947
8 0.380357 0.741579 0.020714 0.029474
17 0.408571 0.740789 0.028571 0.028947
32 0.445357 0.741316 0.037857 0.030000
32 0.485714 0.741579 0.040000 0.029474
31 0.528929 0.741579 0.035000 0.029474
10 0.564643 0.742105 0.032143 0.028421
20 0.598571 0.742632 0.027143 0.028421
4 0.631071 0.743421 0.033571 0.028947
26 0.668929 0.744474 0.039286 0.028947
2 0.708571 0.745789 0.035714 0.029474
33 0.748214 0.746579 0.035000 0.028947
1 0.786429 0.747632 0.037143 0.028947
10 0.178571 0.788684 0.035714 0.028947
27 0.218214 0.787632 0.036429 0.028947
8 0.247500 0.785789 0.020714 0.029474
14 0.276071 0.785263 0.030714 0.029474
25 0.309286 0.784474 0.030000 0.028947
21 0.348214 0.783684 0.039286 0.029474
31 0.387857 0.783158 0.037143 0.029474
17 0.428214 0.782895 0.035000 0.028947
31 0.466786 0.782895 0.040714 0.030000
5 0.508571 0.783158 0.038571 0.029474
36 0.555000 0.783158 0.045714 0.029474
36 0.599643 0.784737 0.033571 0.029474
33 0.635000 0.785789 0.034286 0.029474
3 0.672500 0.786579 0.032143 0.028947
20 0.708571 0.787105 0.037143 0.028947
19 0.749286 0.788158 0.034286 0.028947
3 0.786071 0.789737 0.032143 0.028947
