33 0.180000 0.178947 0.038571 0.030526
1 0.220357 0.178684 0.036429 0.031053
18 0.261429 0.178421 0.038571 0.031579
28 0.303571 0.178947 0.041429 0.031579
12 0.350357 0.178421 0.047857 0.031579
12 0.403929 0.177368 0.047857 0.031579
37 0.451071 0.176316 0.039286 0.031579
28 0.493571 0.175526 0.040000 0.032105
26 0.541071 0.173947 0.045000 0.031053
6 0.591071 0.172632 0.045000 0.031579
8 0.623929 0.171316 0.017857 0.031053
10 0.657143 0.171053 0.042857 0.031579
12 0.701071 0.171053 0.042143 0.031579
22 0.746429 0.171579 0.042857 0.031579
0 0.791429 0.172632 0.040000 0.031579
31 0.193214 0.224737 0.050714 0.031579
24 0.243571 0.225263 0.042857 0.031579
24 0.291429 0.224737 0.044286 0.031579
0 0.337143 0.224474 0.037143 0.031053
31 0.382143 0.223684 0.047143 0.031579
15 0.433571 0.222632 0.050000 0.030526
35 0.481071 0.221053 0.040714 0.031579
10 0.523214 0.219474 0.039286 0.031579
18 0.570357 0.218421 0.043571 0.031579
27 0.614286 0.217368 0.041429 0.031579
12 0.658214 0.216579 0.043571 0.031053
20 0.707857 0.216579 0.050000 0.032105
28 0.757143 0.217368 0.045714 0.031579
8 0.796071 0.218947 0.020714 0.031579
8 0.819643 0.220000 0.019286 0.031579
23 0.180357 0.271316 0.036429 0.032105
3 0.226071 0.271842 0.050714 0.032105
8 0.263571 0.271316 0.021429 0.032105
13 0.300000 0.271053 0.044286 0.031579
12 0.346786 0.270789 0.046429 0.032105
31 0.396071 0.270000 0.045000 0.031579
1 0.441786 0.268421 0.036429 0.031579
22 0.485000 0.267632 0.041429 0.031053
5 0.528929 0.266053 0.039286 0.031053
1 0.573571 0.264737 0.041429 0.031579
35 0.620714 0.263947 0.042857 0.032105
10 0.663214 0.262895 0.039286 0.031053
26 0.710000 0.263158 0.042857 0.031579
10 0.755357 0.264211 0.036429 0.031579
8 0.785357 0.265263 0.020714 0.031579
29 0.806429 0.266316 0.017143 0.031579
16 0.176071 0.315263 0.037857 0.031579
14 0.222143 0.315526 0.045714 0.031053
32 0.265714 0.315263 0.035714 0.031579
30 0.307500 0.315000 0.040714 0.032105
14 0.354286 0.315000 0.044286 0.030000
27 0.395714 0.314211 0.037143 0.031579
5 0.438214 0.312368 0.040714 0.032105
13 0.487500 0.311316 0.049286 0.032105
13 0.550714 0.308947 0.064286 0.031579
3 0.610357 0.307632 0.045000 0.031053
31 0.657500 0.306842 0.045000 0.031579
20 0.704286 0.307368 0.037143 0.031579
26 0.750000 0.307632 0.044286 0.032105
36 0.796786 0.309474 0.043571 0.031579
13 0.198214 0.366579 0.063571 0.032105
35 0.255714 0.366842 0.042857 0.031579
33 0.295357 0.366316 0.033571 0.031579
5 0.345000 0.365789 0.057143 0.031579
8 0.384643 0.365263 0.017857 0.031579
23 0.418929 0.364737 0.047857 0.031579
17 0.463214 0.363158 0.033571 0.031579
36 0.504286 0.361842 0.041429 0.032105
32 0.543929 0.360263 0.035000 0.031053
9 0.587143 0.358684 0.048571 0.031053
21 0.637143 0.358158 0.045714 0.032105
15 0.677500 0.358158 0.030714 0.031053
17 0.710000 0.358421 0.031429 0.031579
23 0.745357 0.358421 0.033571 0.031579
2 0.787500 0.359737 0.043571 0.032105
12 0.187143 0.411579 0.044286 0.031579
26 0.232500 0.411053 0.043571 0.031579
11 0.276071 0.410789 0.037857 0.032105
16 0.318929 0.410263 0.045000 0.031053
30 0.363571 0.410000 0.037143 0.031579
0 0.403929 0.408684 0.032143 0.032105
24 0.443214 0.407632 0.043571 0.032105
22 0.490714 0.406053 0.044286 0.032105
6 0.540357 0.404737 0.046429 0.031579
4 0.585000 0.403158 0.032857 0.032632
27 0.626429 0.402895 0.038571 0.032105
37 0.680357 0.401842 0.059286 0.031053
5 0.735357 0.402895 0.046429 0.031053
32 0.783571 0.403947 0.038571 0.032105
11 0.821071 0.405526 0.029286 0.032105
32 0.178929 0.460789 0.036429 0.032105
3 0.220000 0.460789 0.042857 0.032105
36 0.266786 0.460263 0.045000 0.032105
14 0.307143 0.460526 0.034286 0.031579
23 0.348571 0.460000 0.042857 0.031579
21 0.397857 0.458947 0.044286 0.031579
27 0.441429 0.458421 0.040000 0.031579
34 0.490357 0.456579 0.047857 0.032105
18 0.538929 0.454737 0.043571 0.031579
35 0.585714 0.453684 0.045714 0.031579
12 0.631786 0.452632 0.043571 0.031579
20 0.688929 0.452895 0.056429 0.031053
25 0.745000 0.452632 0.047143 0.031579
19 0.793929 0.454211 0.040714 0.031579
11 0.185000 0.505263 0.034286 0.031579
24 0.228571 0.505526 0.044286 0.032105
31 0.277857 0.505526 0.041429 0.032105
3 0.323214 0.504737 0.043571 0.031579
1 0.368571 0.503947 0.037143 0.031053
14 0.409643 0.503421 0.042143 0.031053
27 0.452143 0.502632 0.040000 0.031579
25 0.491786 0.500789 0.036429 0.032105
12 0.532500 0.499474 0.040714 0.031579
23 0.576786 0.498684 0.039286 0.032105
35 0.621429 0.497368 0.042857 0.031579
4 0.662857 0.497105 0.037143 0.032105
31 0.703929 0.497105 0.035000 0.031053
30 0.744286 0.497632 0.038571 0.032105
22 0.788929 0.498684 0.042143 0.032105
23 0.185000 0.552368 0.035714 0.032105
17 0.220714 0.552632 0.031429 0.031579
12 0.260714 0.552632 0.044286 0.031579
1 0.307143 0.552105 0.038571 0.031579
32 0.345714 0.551579 0.035714 0.031579
0 0.380714 0.550789 0.031429 0.032105
12 0.421429 0.550263 0.044286 0.032105
10 0.468929 0.549211 0.043571 0.032105
31 0.511786 0.547632 0.035000 0.032105
11 0.550357 0.546842 0.035000 0.031579
20 0.587143 0.545526 0.031429 0.032105
20 0.624286 0.545000 0.040000 0.032105
28 0.671071 0.544474 0.046429 0.032105
32 0.712500 0.545000 0.032143 0.031053
27 0.755357 0.545526 0.043571 0.031053
22 0.800714 0.546842 0.038571 0.031579
11 0.180714 0.599474 0.028571 0.031579
34 0.218929 0.600000 0.043571 0.031579
5 0.265357 0.600000 0.043571 0.031579
9 0.312500 0.599737 0.039286 0.032105
27 0.356786 0.599474 0.043571 0.031579
33 0.397857 0.598684 0.035714 0.031053
35 0.439286 0.597632 0.037143 0.032105
14 0.477500 0.596316 0.029286 0.031579
6 0.517857 0.595526 0.045714 0.032105
15 0.565000 0.593684 0.038571 0.031579
32 0.606071 0.593421 0.037857 0.032105
11 0.641071 0.592105 0.027857 0.031579
11 0.678571 0.591842 0.038571 0.032105
12 0.722500 0.592105 0.047857 0.031579
13 0.773571 0.592632 0.044286 0.031579
33 0.820714 0.595000 0.038571 0.032105
0 0.187500 0.648684 0.049286 0.032105
23 0.227857 0.649211 0.025714 0.032105
24 0.264286 0.648947 0.041429 0.031579
31 0.308929 0.648684 0.043571 0.031053
37 0.355000 0.648158 0.040000 0.031053
12 0.400714 0.647632 0.042857 0.032105
18 0.446786 0.646579 0.040714 0.032105
19 0.485000 0.645526 0.025714 0.032105
25 0.522143 0.644211 0.038571 0.031579
10 0.566071 0.642632 0.045000 0.031579
5 0.611786 0.642105 0.040714 0.031579
0 0.651071 0.641579 0.033571 0.031579
1 0.691071 0.641316 0.043571 0.032105
16 0.736786 0.641842 0.036429 0.031053
37 0.777500 0.642632 0.037857 0.031579
37 0.193929 0.698421 0.052143 0.031579
1 0.243929 0.698158 0.043571 0.032105
13 0.288929 0.698421 0.042143 0.031579
0 0.328571 0.697895 0.035714 0.031579
20 0.371429 0.697105 0.041429 0.032105
1 0.417500 0.696579 0.043571 0.032105
9 0.465357 0.695789 0.046429 0.031579
35 0.510714 0.693947 0.040000 0.031053
36 0.548929 0.692895 0.035000 0.031053
30 0.591786 0.691842 0.046429 0.032105
35 0.639643 0.691316 0.040714 0.032105
29 0.675714 0.690789 0.021429 0.032105
8 0.701429 0.690789 0.022857 0.032105
14 0.731786 0.691053 0.030714 0.031579
8 0.762500 0.691842 0.019286 0.032105
34 0.796786 0.692368 0.046429 0.032105
33 0.184643 0.744474 0.037857 0.032105
18 0.223214 0.744474 0.036429 0.032105
30 0.266786 0.744211 0.040714 0.031579
4 0.307857 0.744211 0.037143 0.031579
34 0.349286 0.744211 0.038571 0.031579
27 0.389643 0.743684 0.037857 0.031579
36 0.432143 0.742632 0.041429 0.031579
34 0.478571 0.741316 0.040000 0.032105
26 0.526071 0.740263 0.043571 0.031053
13 0.575714 0.738947 0.045714 0.031579
24 0.623571 0.737368 0.044286 0.031579
9 0.669286 0.737105 0.041429 0.031053
18 0.715714 0.737368 0.047143 0.031579
10 0.761786 0.737368 0.040714 0.031579
16 0.805000 0.738947 0.040000 0.031579
24 0.187857 0.791053 0.044286 0.032632
14 0.234643 0.791053 0.039286 0.031579
11 0.276786 0.791053 0.036429 0.031579
17 0.318571 0.790526 0.040000 0.031579
37 0.360357 0.790526 0.040714 0.031579
32 0.402143 0.789737 0.035714 0.031053
23 0.448214 0.788947 0.045000 0.031579
35 0.494643 0.788158 0.042143 0.032105
10 0.539286 0.786316 0.038571 0.031579
1 0.581071 0.785263 0.035000 0.031579
21 0.623571 0.785000 0.042857 0.032105
16 0.665357 0.783684 0.039286 0.031579
11 0.706786 0.783684 0.036429 0.031579
16 0.747143 0.783947 0.037143 0.032105
9 0.786429 0.784737 0.037143 0.031579
